2073		806		1177
1444		2017		583
1177		2383		583
2478		1171		1955
2327		1442		342
2383		1442		2327
38		1965		1444
2073		577		806
896		1162		2017
2112		2241		1171
1763		2458		1955
1720		2504		1732
234		2629		1447
800		2005		806
2005		800		1995
2005		587		806
577		2026		806
1965		2364		1444
344		2364		1965
2586		896		2017
2586		344		896
2586		2364		344
2562		2557		2109
2243		1805		1809
38		2527		1965
2113		1805		2112
1805		2113		1809
238		2241		2112
238		1805		1495
1805		238		2112
1744		410		2339
410		2458		2339
1458		1744		2339
1410		2383		1177
1410		1412		2383
1371		1999		1845
1845		1999		93
587		1999		806
806		1999		1177
1999		1371		1177
793		1719		38
793		38		1444
1590		1578		1283
1941		1590		1283
1713		1590		1719
984		1590		223
1590		984		1578
2493		2327		342
1714		1404		230
1717		1714		230
1719		1717		230
793		1717		1719
386		2350		2629
1180		2415		800
1999		2573		93
2573		1999		2086
2005		2082		587
2082		2573		2086
1479		2005		297
1479		2082		2005
2253		1214		1015
1214		2253		1991
12		577		2010
12		2026		577
910		1778		666
777		577		2073
777		2073		1313
1290		777		1313
2014		2478		1955
1170		1171		2478
344		2100		896
2562		2100		344
1988		2017		1444
1988		2586		2017
1399		344		1965
1980		2241		1968
2241		1980		1171
1171		1980		1955
1980		1763		1955
2527		1396		2238
2563		2015		847
1162		1161		847
2113		1155		1809
1155		2125		1809
2458		1210		2339
1763		1210		2458
678		410		1744
1449		234		1447
2504		409		1732
1451		409		2504
1452		1451		2504
2458		1456		1955
410		1456		2458
1456		2504		1955
1456		1452		2504
1452		1456		410
1745		2582		2339
2582		1458		2339
1620		1713		2329
2709		1845		93
517		1412		1410
115		1719		230
115		1713		1719
1789		2493		2324
2493		1789		2327
2493		526		2324
1800		1620		2329
1714		1800		2329
1800		1714		1321
540		1714		2329
540		1404		1714
1714		1401		1321
2500		229		2501
2500		1401		229
229		1712		2501
2350		1517		1510
2343		1695		2443
2350		1695		2629
1695		2343		2629
1528		1529		1058
2629		2465		1447
2082		1482		2573
1482		1479		94
1479		1482		2082
951		2082		2086
2235		2398		297
2398		1479		297
2005		1990		297
366		1990		2005
1990		2235		297
637		122		2253
2008		12		2010
577		2011		2010
2110		1170		2478
2015		2110		2478
776		2112		1171
2364		1445		1444
2557		2108		2109
240		1440		1813
172		240		1813
1396		2234		2238
2234		1396		1397
2527		1966		1965
1425		238		1495
1934		1989		2232
1992		1381		2232
1408		2234		1397
2516		1396		2527
2516		38		1409
2516		2527		38
2122		2563		2270
2477		1152		2270
1152		948		2270
1152		159		948
1467		1210		2250
744		1737		1763
543		678		2505
1449		1743		234
1743		1449		2505
1728		1743		2505
90		409		1451
2357		2230		2368
854		1664		1371
1842		1371		1845
1842		854		1371
854		1842		513
1865		517		1390
517		1865		1412
111		1194		1664
1371		1194		1177
1664		1194		1371
850		111		1664
1403		115		230
1231		1444		583
1231		793		1444
2076		2383		2327
1238		1717		793
1343		1238		793
2645		1789		2324
1789		911		1318
911		2645		1784
2645		911		1789
1012		1800		414
1800		1012		1620
669		2500		2501
1401		2444		1321
2500		2444		1401
1712		432		1717
1717		432		1714
432		1401		1714
1066		1063		1685
30		1082		422
386		1084		2350
1084		1517		2350
1577		2350		1510
1577		1695		2350
1528		2435		1529
2504		1116		1955
1116		2014		1955
2502		1731		408
543		2700		542
2700		543		2505
800		1201		1995
1488		951		2086
1488		1999		587
1999		1488		2086
2082		1488		587
951		1488		2082
384		586		1479
1482		586		2573
586		384		2573
2398		2254		1479
2254		384		1479
2254		2398		93
2573		2254		93
384		2254		2573
754		2005		1995
754		366		2005
1442		1356		342
2706		1356		1442
1622		2253		1015
637		1612		122
12		2078		2026
2160		2059		2008
2004		2009		2014
2009		1290		1313
2014		2009		1313
2380		777		1290
2009		2380		1290
2380		2009		2004
2380		2004		2546
2380		83		777
83		2380		2546
1289		2014		2072
1289		2004		2014
776		17		786
17		2479		786
1170		17		1171
17		776		1171
2479		17		2259
2110		17		1170
2100		2257		896
1988		406		2586
406		1988		1444
1445		406		1444
1992		2341		1813
2108		2564		2109
2564		2108		2125
1155		2564		2125
2125		2107		1809
2390		2107		2557
2107		2108		2557
2108		2107		2125
88		1399		1965
1966		88		1965
568		2527		2238
568		1966		2527
2239		1441		2557
2239		2557		2562
2239		2562		344
1399		2239		344
2241		748		1968
238		748		2241
1431		1980		1968
1431		1981		1980
1981		1431		1989
1934		938		1989
938		1934		2221
1578		2154		1283
1408		2701		2234
1441		2701		1440
1440		2701		1813
2701		1407		1813
1407		2701		1408
3		1407		1408
17		897		2259
897		17		2110
2563		897		2015
897		2110		2015
159		2271		948
2271		1174		948
1182		503		2477
2453		1745		2339
1467		1750		1210
1750		1467		2245
1210		1750		2339
1750		2453		2339
2453		1750		2244
233		1452		410
678		233		410
543		233		678
1452		233		1451
233		543		542
1743		2231		234
2231		1743		1728
234		2231		1729
1723		1728		2505
1723		1457		1728
2700		314		542
314		2700		2708
485		1610		2534
1620		199		1713
199		1590		1713
985		2230		2357
2197		1638		1214
1481		2197		1214
1040		1039		2368
1039		2393		2368
1034		2438		2616
385		2203		1644
1821		517		1664
854		1821		1664
517		1821		1390
1821		1373		1390
2571		2706		1442
2619		2571		1442
1369		1842		1845
13		1194		111
13		850		1410
850		13		111
13		1410		1177
1194		13		1177
517		516		1664
516		850		1664
516		517		1410
850		516		1410
1403		1405		115
115		1405		1713
1350		1343		793
1231		1350		793
36		669		2501
1712		36		2501
10		1238		1343
1954		1712		1717
1238		1954		1717
1954		36		1712
1582		1034		2616
388		1066		1685
1565		1909		1578
1786		2309		2467
2645		1786		1784
1786		2645		2309
1786		1800		1321
1800		1786		2467
2645		1301		2309
2309		1301		2467
526		1326		2467
1326		1800		2467
1012		1621		1620
1610		1621		414
1621		1012		414
2444		2492		1321
669		2492		2500
2492		2444		2500
1708		1712		229
1708		432		1712
1401		1708		229
432		1708		1401
1083		386		1685
30		1060		1082
600		30		422
1083		600		386
600		1083		30
1517		107		422
1084		107		1517
107		600		422
107		1084		386
600		107		386
2632		323		46
1559		323		1510
323		1577		1510
1577		2187		1695
323		2187		1577
2187		323		2632
2187		1686		1695
1695		2308		2443
1686		2308		1695
2435		2421		1529
1057		1528		1048
1057		2435		1528
1079		1057		1048
75		834		1223
2606		2605		1292
1653		2418		56
2210		2406		1654
1653		2406		2210
2406		1653		2134
2406		1686		1654
2406		532		1686
2406		2606		1677
2406		2605		2606
2605		2406		2134
1275		2605		666
2605		1275		1292
1779		2323		1720
2343		302		2629
302		78		2629
2643		2465		2629
78		2643		2629
1951		675		2625
541		1738		1732
1738		311		1779
1738		1720		1732
1738		1779		1720
1438		1738		541
665		1783		1272
665		2502		675
1730		2502		408
2502		1730		675
2465		1730		1447
675		1730		2625
1730		2465		2625
1449		1448		2505
1448		2700		2505
1448		1449		1447
2021		1180		1997
798		2021		1997
2021		2415		1180
1994		24		1214
1206		1481		1214
1481		1206		2538
1479		2574		94
586		2574		1479
2574		1482		94
2574		586		1482
1201		2589		1995
2589		1204		1982
752		1990		366
752		2253		2235
1990		752		2235
2253		752		1991
335		1622		2648
1622		335		1013
2193		637		2253
1622		2193		2253
2193		1622		1013
1612		1011		122
1011		1610		414
1610		1011		2534
826		1612		637
2026		1192		806
2078		1192		2026
1192		800		806
1192		1180		800
2078		2159		2025
2059		2159		2008
2008		2159		12
2159		2078		12
367		2071		2072
2011		28		2010
2004		2062		2546
1289		2062		2004
941		2011		577
941		83		2011
777		941		577
83		941		777
2071		2163		2072
2163		1289		2072
2258		776		786
16		2258		786
776		2258		2112
2258		16		2112
1172		2113		2112
16		1172		2112
2257		1158		896
2265		1182		2477
1182		2265		1161
2265		2477		2270
2563		2265		2270
2265		2563		847
1161		2265		847
377		2627		2476
503		377		2476
377		503		1182
406		313		2586
313		406		1445
2586		313		2364
313		1445		2364
1808		172		1813
2341		1808		1813
1989		1432		2232
1432		1992		2232
1439		1432		239
1431		1432		1989
1432		1431		239
1967		1439		239
2107		1972		1809
1972		2107		2390
240		1978		1440
1978		215		1440
1971		215		2390
1971		2390		2557
1441		1971		2557
1971		1441		1440
215		1971		1440
568		569		1966
569		88		1966
88		569		1399
569		2239		1399
748		268		420
2376		1934		2232
1330		2376		2232
1381		1871		2232
1871		1330		2232
1424		1431		1968
748		1424		1968
1424		748		420
1424		420		239
1431		1424		239
2242		938		744
1980		2242		1763
2242		744		1763
1947		938		2221
938		1947		744
725		1947		2221
1888		1887		1283
2154		1888		1283
2374		418		1909
745		1381		170
1870		745		170
2239		1896		1441
1896		2701		1441
2234		1896		2238
2701		1896		2234
38		2151		1409
2151		3		1409
3		2151		1407
3		567		1409
1396		567		1397
567		2516		1409
2516		567		1396
1398		1408		1397
1398		3		1408
567		1398		1397
1398		567		3
1156		2562		2109
1156		2100		2562
2564		1156		2109
1156		2564		159
846		1152		2477
503		846		2477
1154		2271		159
1154		2564		1155
2564		1154		159
1154		1155		2113
2271		1154		2113
2453		1459		1745
1459		2582		1745
1749		1750		2245
1750		1749		2244
234		1746		2629
1746		386		2629
1453		1749		2245
1749		1453		2244
2169		554		303
304		2169		303
1473		1553		1721
2396		889		303
889		2396		1207
1737		1762		1763
1762		1210		1763
1457		2691		1728
2691		2231		1728
1458		2691		1744
2691		1457		1744
1723		495		1457
495		678		1744
1457		495		1744
678		495		2505
495		1723		2505
1443		1742		408
1742		2708		408
1742		314		2708
1740		1443		541
2230		2192		2368
2192		2230		1620
2192		1040		2368
2230		329		1620
1590		1505		223
199		1505		1590
985		2186		2230
2029		1481		2538
1039		1014		2416
1043		2357		2368
2393		1042		2368
1042		1043		2368
1043		1042		2206
1528		2367		1048
2367		385		1644
97		2367		1644
596		2367		97
385		1031		2203
1035		2438		1034
1373		179		1390
1898		854		513
1898		1821		854
1821		1898		1373
150		2709		93
2398		150		93
150		1356		2706
2253		150		2235
150		2398		2235
122		150		2253
1356		150		122
1842		1839		513
1715		540		2329
862		1405		1403
1404		862		230
862		1403		230
1230		1350		1231
1230		1231		583
2425		1230		583
374		2425		583
10		374		2076
2383		374		583
2076		374		2383
1322		36		2327
36		1322		669
1789		1322		2327
1322		1789		1318
669		1322		1318
1954		2328		36
2328		2076		2327
36		2328		2327
10		2446		1238
2446		1954		1238
2446		10		2076
2328		2446		2076
2446		2328		1954
2351		1582		1583
2351		2422		1582
2422		601		465
2422		2351		601
1098		1093		2611
1562		2394		2355
195		2396		303
1270		195		303
1303		1270		303
1302		1303		303
1303		1302		2526
1270		1303		2489
2396		1564		1207
1301		1787		2467
526		1787		2324
1787		526		2467
1787		2645		2324
1787		1301		2645
1208		1326		526
1326		1208		2306
1208		526		2493
2306		1208		2493
1326		2325		1800
2325		1326		2306
1800		2325		342
2325		2493		342
2325		2306		2493
911		305		1318
459		1534		1082
1082		1499		422
1534		1499		1082
1499		1517		422
1517		1499		1510
1499		1559		1510
599		1060		30
1060		599		1063
2634		1513		597
1686		1513		1654
1513		2634		1654
1689		1686		212
1689		2308		1686
642		1689		212
532		2460		1686
446		2421		949
2367		1073		1048
1049		1057		1079
628		31		481
1180		2158		1997
2025		2158		1180
798		755		1223
755		75		1223
755		798		1997
755		26		75
26		755		1997
2158		26		1997
26		2158		2156
291		1653		56
291		1120		1653
834		1111		1223
2682		1111		834
1052		1653		2210
1052		2418		1653
2502		117		1731
1647		117		2502
2498		665		1272
665		2498		2502
117		2330		1731
2330		117		1647
1718		661		1779
1718		311		1297
311		1718		1779
1718		2463		661
1275		211		1292
909		2323		1770
967		909		1770
909		2464		1720
2323		909		1720
909		662		2464
909		967		662
1296		2624		1300
2624		1776		1293
1776		2624		1296
1764		1275		666
2466		2343		2443
2466		302		2343
1739		1438		541
1731		1739		408
1739		1443		408
1443		1739		541
1738		2451		311
1438		2451		1738
311		2451		1297
2451		210		1297
2320		1951		1783
665		2320		1783
1951		2320		675
2320		665		675
1730		1446		1447
1446		1448		1447
2308		1299		2443
276		1214		1991
276		1994		1214
24		1993		1214
1993		1206		1214
1204		7		1982
73		2589		1201
2589		73		1204
177		1011		414
1356		177		342
177		1356		122
1011		177		122
177		1800		342
1800		177		414
828		826		637
828		2671		636
2193		828		637
279		828		636
828		279		826
2621		1011		1612
826		2621		1612
1011		2621		2534
2621		279		2534
279		2621		826
2273		2078		2025
2273		1192		2078
2273		2025		1180
1192		2273		1180
2058		2159		2059
870		367		2072
2014		870		2072
1116		870		2014
764		1267		2060
1267		2008		2010
767		83		2546
83		767		2011
767		28		2011
2062		1288		2063
1288		2062		1289
2163		1288		1289
768		2062		2060
2062		768		2546
768		767		2546
767		768		28
2111		16		786
2111		1172		16
2103		1158		2257
377		784		2627
1432		365		1992
365		1432		1439
1806		1808		2341
1806		2341		1992
365		1806		1992
1806		365		1807
1808		2529		172
172		2529		2243
1806		2529		1808
2529		1806		1807
2529		1805		2243
1979		240		172
1979		2243		1809
1979		172		2243
215		1426		2390
1978		1426		215
1426		1972		2390
268		89		420
420		89		239
89		1967		239
1969		89		268
89		1969		1425
89		252		1967
1970		748		238
1970		268		748
1970		1969		268
1425		1970		238
1969		1970		1425
2242		2528		938
2528		1981		1989
938		2528		1989
1981		2528		1980
2528		2242		1980
687		1232		2171
1232		687		1903
1903		184		545
184		1237		176
1308		1919		1233
1308		2375		1914
554		2525		303
2525		1302		303
454		1270		2489
2170		1303		2526
1891		2170		2171
2594		2170		1891
822		418		2374
1894		822		2374
831		745		1870
831		1871		1381
745		831		1381
569		747		2239
747		1896		2239
747		569		568
747		568		2238
1896		747		2238
2402		2151		38
1719		2402		38
1590		2402		1719
2402		1590		1941
1381		1385		170
1385		1381		1992
1385		1992		1813
1407		1385		1813
1385		1876		170
1876		1385		1387
2122		160		2563
160		897		2563
2271		2655		1174
2655		2662		1174
2655		2271		2113
2662		2655		2113
14		2257		2100
2101		14		2100
158		2101		2100
1156		158		2100
158		1156		2640
1157		1156		159
1156		1157		2640
1152		2106		159
528		234		1729
528		1746		234
1735		2453		2244
2394		2354		2355
1557		304		303
889		1557		303
1869		1737		744
1736		1762		1737
59		1553		1473
325		889		1207
1557		65		2307
65		1557		889
325		65		889
2650		2691		1458
2691		2650		2231
2582		2650		1458
2231		2650		1729
2650		1459		1729
1459		2650		2582
1740		1741		1443
677		541		1732
677		1740		541
90		1450		409
677		1450		1740
1741		1450		90
1450		1741		1740
409		1450		1732
1450		677		1732
827		2192		1620
1621		827		1620
827		1621		1610
2671		2608		636
2192		2608		1040
2608		2671		1040
331		199		1620
329		331		1620
331		329		198
331		1505		199
331		198		223
1505		331		223
1589		985		2357
1589		816		985
982		981		1578
1588		986		985
816		1588		985
982		1588		816
986		1588		984
984		1588		1578
1588		982		1578
330		329		2230
2186		330		2230
329		330		198
1039		1037		2393
1037		1039		2416
1037		1643		2393
1643		1037		869
1038		1644		1602
2540		1038		1602
1481		316		269
2029		316		1481
1625		1622		1015
638		1625		1015
2195		1626		2416
1625		1626		2195
1638		1017		1214
2275		2195		2416
1014		2275		2416
1622		2275		2648
1625		2275		1622
2275		1625		2195
1623		335		2648
2275		1623		2648
1623		2275		1014
1570		2394		981
1570		1099		2394
2216		1065		1530
1065		1539		2438
1065		1035		1530
1035		1065		2438
1019		1481		269
1481		1019		2197
1019		1018		1603
1603		332		1602
1018		332		1603
332		1019		269
1019		332		1018
1020		1603		1602
1644		1020		1602
2203		1020		1644
171		865		1608
282		865		171
1036		2367		1528
1036		1528		1058
1530		1036		1058
1035		1036		1530
624		171		1608
1031		624		2203
179		855		1390
855		1865		1390
1865		855		1412
855		451		1412
451		855		179
1898		729		1373
729		179		1373
729		1415		179
362		1128		2619
1128		362		852
2709		707		1845
707		1369		1845
1369		705		1842
705		1839		1842
1405		973		1713
1713		973		2329
973		1715		2329
862		973		1405
374		2549		2425
1520		2530		1544
2438		2530		2616
2348		2530		2438
47		1520		1544
1539		1540		2438
1540		2348		2438
811		1063		1066
1542		811		1066
811		2217		1063
811		1542		1541
2217		811		1541
466		1088		167
2603		1582		2616
1582		2603		1583
2603		1093		1583
1584		2351		1583
2351		1584		601
1093		387		1583
1098		387		1093
387		1584		1583
62		1562		2355
1562		324		2394
2394		324		981
981		324		1578
324		1565		1578
305		1320		2492
2492		1320		1321
969		2492		669
969		305		2492
969		669		1318
305		969		1318
1060		2436		1082
2436		459		1082
459		2436		99
591		459		99
2215		591		99
591		446		949
446		591		2215
286		323		1559
2225		2421		2435
2421		2225		949
1499		321		1559
321		1499		1534
609		151		2597
1083		939		30
939		599		30
939		1083		1685
1063		939		1685
599		939		1063
1513		1074		597
1690		1689		642
1244		642		212
1244		1690		642
2403		1079		1048
1073		2403		1048
2401		2367		596
2401		1073		2367
1057		1527		2435
1527		284		2346
1527		2225		2435
2225		1527		2346
1074		1072		597
1655		2210		1654
1655		480		2210
1070		2634		597
1069		31		628
2634		1069		1654
2418		1652		56
1653		2281		2134
1120		2281		1653
291		2121		1120
1639		1647		2502
2498		1639		2502
1647		1639		858
2614		2463		2322
2463		2614		661
661		1710		1779
1710		2323		1779
660		1776		1296
660		967		1770
1776		660		1770
663		211		1275
1764		663		1275
663		1291		211
967		1777		662
664		1777		967
662		1777		910
1777		1778		910
1778		1777		666
1777		1764		666
1777		664		1764
860		664		967
860		660		1296
660		860		967
860		1296		1300
1291		860		1300
1781		2466		2443
1703		1781		650
1781		1703		82
302		1780		78
2466		1780		302
2465		209		2625
1944		209		2465
209		1951		2625
2643		44		2465
44		1944		2465
44		2643		78
1951		1630		1783
1630		1265		1783
209		1630		1951
1630		209		1944
2451		676		210
676		1739		1731
1739		676		1438
676		2451		1438
1446		915		1448
2700		915		2708
1448		915		2700
2708		915		408
915		1730		408
915		1446		1730
1694		1299		2308
1689		1694		2308
1694		1689		2340
645		2311		1677
2311		299		532
2311		2406		1677
2406		2311		532
1687		299		866
1244		1687		866
1687		2460		532
299		1687		532
1186		440		2069
1186		2021		798
2021		1186		2069
2070		1186		798
1186		2070		440
2021		2066		2415
2070		840		440
1215		276		1991
2415		2565		800
2565		1201		800
2565		2272		1184
2272		2126		1184
1185		2126		2272
399		1201		2538
1206		399		2538
754		1219		366
6		752		366
6		2389		752
1219		6		366
2389		1216		752
2672		1216		2389
2194		1039		1040
2194		1014		1039
1623		2194		335
2194		1623		1014
1624		2193		1013
1624		828		2193
335		1624		1013
2194		1624		335
2057		2058		2059
1227		2057		1264
2058		2057		1227
2399		2058		1227
2158		2399		2156
2058		2399		2159
2159		2399		2025
2399		2158		2025
1266		2057		2059
1266		2544		757
2544		2059		2160
2544		1266		2059
2062		2470		2060
2470		764		2060
945		2065		2071
1263		254		1264
2068		2065		2063
1288		2068		2063
2068		1288		2163
2068		2163		2071
2065		2068		2071
1224		138		1227
2002		834		76
2002		2682		834
2164		768		2060
768		2164		28
1267		2164		2060
28		2164		2010
2164		1267		2010
1173		2111		786
2111		1173		1172
2479		1173		786
788		377		1182
788		784		377
788		1182		1161
1158		788		896
788		1162		896
788		1161		1162
252		1804		1967
1967		1804		1439
1804		365		1439
2659		1425		1495
2659		89		1425
89		2659		252
1429		1978		240
1979		1429		240
1429		1426		1978
1429		1979		1809
1972		1429		1809
1426		1429		1972
1871		390		1330
390		436		1330
390		1871		1872
436		724		1330
724		436		1925
74		917		300
436		352		1925
184		1904		545
1904		1905		545
1904		688		1905
1919		695		1233
1308		1305		2375
1305		687		2171
687		1305		1233
1305		1308		1233
822		1269		1286
1269		454		2489
1269		1894		454
1269		822		1894
1284		1893		2594
1304		555		1302
555		1304		2171
2170		555		2171
2407		74		176
77		2407		696
917		2407		77
2407		917		74
1236		184		176
74		1236		176
1236		1904		184
1236		74		1907
1884		2670		703
2670		1884		552
128		1884		703
2670		1253		703
1253		2670		1892
1868		1891		2171
1232		1868		2171
1888		2524		1887
1886		2524		1888
918		1895		1286
1895		822		1286
822		1895		418
918		1285		553
1285		1893		717
929		1285		717
1285		929		553
1908		918		553
1908		929		2154
929		1908		553
418		1908		1909
1895		1908		418
1908		1895		918
1909		1908		1578
1908		2154		1578
563		831		1870
1871		563		1872
831		563		1871
1945		1873		2151
1406		1870		170
1876		1406		170
1945		251		1873
2523		1941		1283
2523		2149		1941
1172		2269		2113
2269		2662		2113
1173		2269		1172
2269		1173		2479
2269		2479		2259
1159		2103		2257
14		1159		2257
846		247		1152
247		2106		1152
1453		2510		2244
2510		1735		2244
528		1460		1746
1746		1460		1461
679		528		1729
1459		679		1729
679		1459		2453
1210		1759		2250
1762		1759		1210
1556		1555		615
1557		1568		304
1568		1557		2307
2157		1568		2307
1915		455		1309
1937		1949		725
1363		1736		1737
1869		1363		1737
1363		1869		1361
1209		1736		1733
1736		1209		1762
935		1209		1733
1209		935		1471
1209		1759		1762
1759		1209		1471
1736		2251		1733
2591		1587		1099
65		2395		2307
2395		2157		2307
2157		2395		64
326		65		325
326		2395		65
2452		1742		1443
1741		2452		1443
1742		2452		314
827		2666		2192
485		2666		1610
2666		827		1610
486		2608		2192
486		2666		485
2666		486		2192
2608		486		636
486		485		2534
279		486		2534
486		279		636
1558		984		223
1558		2358		984
198		1558		223
330		1558		198
986		178		985
178		2186		985
2414		330		2186
178		2414		2186
2414		178		2358
2414		1558		330
1558		2414		2358
1643		2688		2393
2012		2540		1602
1037		2196		869
2196		1037		2416
1626		2196		2416
2217		1462		1063
1462		2217		1064
1540		2218		1541
2218		1540		1539
2214		2216		1530
2421		2214		1529
1529		2214		1058
2214		1530		1058
1065		2342		1539
2342		2218		1539
1019		415		2197
1020		2198		1598
1042		2532		2206
2688		1028		2393
2422		2202		1582
1582		2202		1034
2367		477		385
1036		477		2367
477		1031		385
1415		1417		179
1417		451		179
2599		898		852
729		1418		1415
1418		1442		2383
1418		2619		1442
2282		2571		2619
1128		2282		2619
2282		1128		150
2571		2282		2706
2282		150		2706
898		1899		852
1899		1128		852
1899		2568		92
1899		92		2709
2568		1899		926
150		1899		2709
1128		1899		150
92		804		2709
804		707		2709
48		690		1898
973		231		1715
231		973		862
231		862		1404
540		231		1404
1715		231		540
2549		2033		2425
2033		1230		2425
1230		2033		1350
1350		1344		1343
595		1542		1066
388		595		1066
2530		2633		1544
2633		2530		2348
1540		2633		2348
1542		2219		1541
2646		2219		1542
2219		1540		1541
2633		2219		2646
2219		2633		1540
976		1089		288
1089		976		466
1089		1090		388
1089		466		167
1090		1089		167
1089		168		288
168		1089		388
976		1095		2611
47		1521		1520
1521		1088		1520
1088		1521		167
1519		2603		2616
2530		1519		2616
1519		2530		1520
338		1101		168
62		63		2665
63		326		2665
326		63		2395
324		2237		1565
1785		305		911
1785		1320		305
1785		911		1784
1786		1785		1784
1785		1786		1321
1320		1785		1321
608		286		1559
608		151		609
2187		1080		1686
1080		1513		1686
610		321		1056
611		610		1056
151		610		2597
610		611		2597
284		612		2346
459		1533		1534
1533		1532		1534
321		2347		1056
2347		321		1534
1532		2347		1534
1053		591		949
813		2403		1073
1049		1030		1057
1030		1527		1057
1527		1030		284
1522		1070		1523
109		2174		481
1072		887		597
887		1070		597
1070		887		1523
887		1525		1523
1525		887		1072
1072		96		2620
96		1072		1074
2620		96		1516
96		1074		1516
1655		1651		480
1657		628		481
2174		1657		481
480		225		2210
225		1052		2210
1052		225		2418
225		1652		2418
1038		1050		1644
1050		2487		1644
2136		910		666
2605		2136		666
2127		2281		1120
2133		2127		1120
243		291		423
243		2121		291
1639		653		858
2319		653		1272
653		2498		1272
653		1639		2498
1273		2330		1647
1775		1774		210
210		1774		1297
1774		1718		1297
1774		2463		1718
659		1773		858
1273		1773		1775
1773		1647		858
1773		1273		1647
1648		2321		1293
1771		1648		1293
1648		1771		1294
1649		2624		1293
2321		1649		1293
2624		1649		1300
211		1722		1292
2318		659		858
653		2318		858
2318		653		2319
659		2318		81
659		1295		2322
1295		659		81
1295		1697		1294
1697		649		868
649		1295		81
1295		649		1697
434		536		643
536		1246		643
1246		536		1277
1247		645		1677
1692		1694		2340
1694		1692		1279
644		1692		2340
2323		2695		1770
2695		1776		1770
1771		859		2614
2695		859		1776
968		663		1764
664		968		1764
860		968		664
663		968		1291
968		860		1291
908		1781		2443
1781		908		650
1299		908		2443
2673		1781		82
1781		2673		2466
1706		2673		1704
2673		82		1704
1629		2319		1272
1783		1629		1272
1265		1629		1783
1629		2318		2319
1702		1265		1646
2318		1702		81
1702		1629		1265
1629		1702		2318
1265		652		1646
1630		652		1265
676		1437		210
1273		1437		2330
2330		1437		1731
1437		676		1731
1437		1775		210
1437		1273		1775
2622		1694		1279
1694		2622		1299
908		2622		650
2622		908		1299
2311		452		299
299		452		866
452		641		866
452		2311		645
533		1244		212
533		1687		1244
1687		533		2460
1686		533		212
2460		533		1686
2429		2021		2069
2429		2066		2021
295		840		2070
1546		625		627
23		1993		24
1185		496		791
496		1185		2272
496		2066		791
2066		496		2415
496		2565		2415
2565		496		2272
439		7		1204
439		1205		7
1215		135		276
135		1205		276
1205		135		1218
135		1215		1991
752		135		1991
135		752		1218
137		1219		754
137		754		1995
2589		137		1995
752		136		1218
1216		136		752
2672		136		1216
1205		2336		7
7		25		1982
2336		25		7
2252		2672		2389
6		2252		2389
2252		6		1219
828		2669		2671
1624		2669		828
1998		2399		1227
2399		1998		2156
1998		138		76
138		1998		1227
1998		26		2156
834		1998		76
75		1998		834
26		1998		75
2544		301		757
1268		2062		2063
1268		2470		2062
946		1266		757
1263		946		757
946		1263		1264
2057		946		1264
1266		946		2057
2471		2064		2065
2471		945		254
945		2471		2065
138		922		76
788		1144		784
784		1144		2627
2103		1144		1158
1144		788		1158
1144		1159		2627
1159		1144		2103
365		2335		1807
1804		2335		365
2335		1804		312
2335		2529		1807
2335		312		1805
2529		2335		1805
1804		274		312
274		1804		252
1805		274		1495
312		274		1805
274		2659		1495
2659		274		252
1332		1935		824
1936		725		2221
1329		1332		824
1329		1936		1332
1922		77		696
1922		936		77
820		917		77
820		936		698
936		820		77
975		820		698
820		975		917
390		2521		436
2521		352		436
2521		390		1872
1927		2521		1872
936		1926		698
352		1926		936
2521		1926		352
131		74		300
74		131		1907
688		1906		1905
563		2233		1872
2233		1927		1872
1927		2233		1874
566		2233		1870
2233		563		1870
156		832		566
695		546		1237
1237		546		176
2407		546		696
546		2407		176
544		695		1237
544		184		1903
544		1237		184
687		544		1903
544		687		1233
695		544		1233
823		1915		1914
2375		823		1914
1307		823		2375
1913		1307		2375
1305		1913		2375
1304		1913		2171
1913		1305		2171
823		556		1915
556		823		1307
1269		718		1286
1285		718		1893
718		918		1286
718		1285		918
1566		195		1270
1287		1566		1270
454		719		1270
719		1287		1270
1894		719		454
719		1894		2374
719		2374		1909
1287		719		1909
1284		716		1892
716		396		1892
716		2594		1891
716		1284		2594
1868		716		1891
716		1868		396
1893		1890		717
1284		1890		1893
1890		1284		1892
1181		2170		2526
1181		555		2170
1302		1181		2526
555		1181		1302
235		1236		1907
1236		235		1904
688		235		1907
1904		235		688
396		2152		1892
2152		1253		1892
1253		2152		703
2152		1906		703
175		1868		1232
175		1903		545
175		1232		1903
1868		175		396
1905		175		545
396		175		1905
1887		821		1283
821		2523		1283
52		1274		1886
1274		2524		1886
2524		1274		1887
1274		821		1887
2402		2676		2151
2676		1945		2151
2515		566		1870
1406		2515		1870
2515		156		566
2515		1406		156
2662		2124		1174
948		2124		2270
1174		2124		948
160		2123		897
897		2123		2259
2123		2269		2259
1159		1160		2627
1160		1159		14
1160		14		2101
158		1160		2101
204		158		2640
204		1160		158
2106		783		159
783		204		2640
204		783		2506
783		1157		159
1157		783		2640
247		1153		2106
1153		783		2106
783		1153		2506
2510		1748		1735
1748		1460		1735
1460		1748		1461
679		2345		528
2345		1460		528
1460		2345		1735
1735		2345		2453
2345		679		2453
1467		1756		2245
2454		2510		1453
2454		1748		2510
1758		1467		2250
1758		118		1467
1469		1759		1471
817		2248		118
118		2248		1467
2248		1756		1467
1756		2248		681
2675		168		388
2675		338		168
2675		388		1685
1727		2		1733
1552		1556		615
1099		1105		2394
1105		2354		2394
1492		1105		1104
1105		1587		1104
1587		1105		1099
2155		1568		1473
1568		2155		304
2686		59		1473
1568		2686		1473
59		2686		61
2686		1107		61
2525		1306		1302
1339		1306		2525
1306		1339		1831
1309		2363		1917
455		2363		1309
2363		1916		1917
155		2169		304
2155		741		304
741		2155		87
1853		1869		744
1358		1363		1361
1363		2607		1736
1552		1551		1556
1587		1549		1104
2520		2228		2591
602		2520		465
62		2592		1562
2592		62		2665
326		2592		2665
2503		1741		90
2503		2452		1741
2503		233		542
314		2503		542
2452		2503		314
2503		90		1451
233		2503		1451
1589		222		816
222		983		816
982		2184		981
2184		982		816
983		2184		816
2358		224		984
178		224		2358
224		986		984
224		178		986
316		2388		269
2016		2012		1602
332		2016		1602
2016		332		269
2388		2016		269
2016		2388		2012
751		2388		316
2388		751		2012
1202		2029		2538
1202		2565		1184
1201		1202		2538
2565		1202		1201
2074		798		1223
594		2437		1064
2217		594		1064
594		2342		2437
2342		594		2218
594		2217		1541
2218		594		1541
1531		1536		810
446		1531		2421
1531		2214		2421
1531		446		2215
1536		1531		2215
1535		2436		1060
2436		1535		99
2342		2519		2437
1537		2519		2216
2519		1537		2437
2519		1065		2216
2519		2342		1065
415		617		1604
617		415		1598
617		2198		1604
2198		617		1598
1020		2482		1603
2482		1019		1603
2482		415		1019
475		621		1026
865		621		1608
621		475		1608
1025		624		1608
475		1025		1608
624		1025		2203
2198		1571		1604
2486		2688		1619
2486		1028		2688
1028		2486		1029
1028		1635		2393
1635		1028		1029
1085		2202		2422
1085		2422		465
2520		1085		465
1085		2591		1099
1085		2520		2591
2202		1633		1029
1085		1633		2202
2202		1634		1034
1634		2202		1029
2486		1634		1029
477		1032		1031
624		1032		171
1032		624		1031
1412		2583		2383
451		2583		1412
690		1148		1810
1148		690		48
2599		2288		1810
2288		690		1810
2288		2599		852
362		2288		852
2288		362		2619
2568		188		92
188		505		92
188		1146		505
1146		2568		926
1146		188		2568
804		126		707
707		126		1369
126		505		1369
505		126		92
126		804		92
1897		729		1898
690		1897		1898
2288		1897		690
2033		924		1350
924		2033		2549
837		1344		1350
924		837		1350
837		924		2549
2548		2549		374
277		1090		167
1090		277		388
277		595		388
461		2646		1542
595		461		1542
2220		461		595
2633		1543		1544
1543		2633		2646
1543		47		1544
1543		2220		47
461		1543		2646
1543		461		2220
447		976		288
447		1095		976
1094		1098		2611
1095		1094		2611
1094		447		1098
447		1094		1095
1519		1087		2603
1088		1087		1520
1087		1519		1520
2236		1101		338
393		2236		1553
1553		2236		1721
2236		338		1721
2635		2236		393
2228		2647		1102
333		1097		1098
2395		219		64
63		219		2395
220		1564		1565
2237		220		1565
1564		220		1207
473		324		1562
473		2237		324
2592		473		1562
285		808		1504
1080		285		1504
285		2187		2632
285		1080		2187
1068		2632		46
1068		285		2632
323		1068		46
286		1068		323
457		609		2597
611		181		2597
181		611		1045
181		284		2597
181		612		284
612		181		1045
321		458		1559
610		458		321
458		610		151
590		2347		1532
2347		590		1056
1533		1059		1532
1059		590		1532
590		1059		1053
1053		1059		591
591		1059		459
1059		1533		459
1046		590		1053
1046		611		1056
590		1046		1056
1246		1674		643
1692		1674		1246
1674		1692		644
598		1049		1079
2403		598		1079
843		813		1073
1525		1524		1523
1524		1522		1523
1522		1524		2224
1522		937		1070
1069		937		31
1070		937		2634
937		1069		2634
2618		1656		2201
1657		1656		2618
1656		1657		2174
1054		2174		109
1054		1522		2224
1522		1054		109
102		1651		1655
1651		102		55
1047		1657		2618
1047		102		1655
191		2420		56
1051		225		480
225		1051		1652
1651		1051		480
57		1651		55
57		1051		1651
1545		1050		1038
1545		2207		1061
2207		1545		1038
2263		2118		1116
2130		2263		1116
2137		2605		2134
2281		2137		2134
2127		1121		2136
1113		870		1116
2262		1113		2114
2118		1113		1116
2114		1113		2118
2002		1113		2682
1113		2262		2682
241		2262		2114
241		1111		2682
2262		241		2682
291		2117		423
2499		1774		1775
1773		2499		1775
2463		2499		2322
1774		2499		2463
2499		659		2322
2499		1773		659
1291		1768		211
1768		1722		211
1768		1291		1300
1649		1768		1300
1772		1295		1294
1771		1772		1294
1772		1771		2614
1772		2614		2322
1295		1772		2322
1701		649		81
1702		1701		81
1701		1702		1282
2442		1698		1281
2442		2317		1706
1691		644		2340
1689		1691		2340
1690		1691		1689
2313		536		434
79		20		905
20		434		643
20		79		434
1688		79		905
1688		1244		866
641		1688		866
79		1688		641
1244		1688		1690
1688		905		1690
2614		186		661
859		186		2614
186		1710		661
186		859		2695
1710		186		2323
186		2695		2323
1650		1771		1293
1650		859		1771
1776		1650		1293
859		1650		1776
1780		965		78
965		44		78
1707		1702		1646
2317		1707		1706
1707		2317		1282
1702		1707		1282
652		2497		1646
1707		2497		1706
2497		1707		1646
2497		2673		1706
840		2067		440
625		2359		1645
1546		2359		625
2612		1546		627
2201		2612		55
2487		2612		2201
1546		2612		2487
2612		57		55
57		2612		627
2689		399		1206
1217		136		2672
1217		25		2336
136		1217		1218
1217		1205		1218
1217		2336		1205
2252		753		2672
753		2252		25
753		1217		2672
1217		753		25
2252		2542		25
25		2542		1982
137		2542		1219
2542		2252		1219
2542		2589		1982
2542		137		2589
1041		2669		1624
1041		2194		1040
1041		1624		2194
2671		1041		1040
2669		1041		2671
262		1263		757
2468		142		2056
142		2468		758
2470		2061		764
2061		27		764
1268		2061		2470
2468		143		758
143		301		758
301		143		757
143		262		757
262		143		2468
945		2051		254
246		2051		945
254		2051		1264
2051		246		1264
2053		1224		1227
1226		8		1224
1935		1222		824
2376		1331		1934
557		1937		725
1936		557		725
1308		380		1919
380		1308		1914
1915		930		1914
930		380		1914
380		930		2535
380		2145		1919
352		1220		1925
1220		697		1925
1220		352		936
1922		1220		936
391		975		698
391		832		699
832		391		1874
1926		1928		698
1928		391		698
391		1928		1874
351		1906		688
351		688		1907
131		351		1907
1952		128		703
1906		1952		703
193		549		300
917		193		300
975		193		917
193		391		699
391		193		975
133		131		300
549		133		300
173		193		699
193		173		549
921		1876		1387
746		876		156
1406		273		156
273		1406		1876
921		273		1876
273		921		1386
2488		251		1945
2233		1875		1874
1875		832		1874
1875		2233		566
832		1875		566
2362		718		1269
2362		2170		2594
1893		2362		2594
718		2362		1893
2170		2362		1303
1303		2362		2489
2362		1269		2489
66		1287		1909
66		1566		1287
1565		66		1909
1566		66		195
195		66		2396
66		1564		2396
1564		66		1565
1234		396		1905
1234		2152		396
1906		1234		1905
2152		1234		1906
52		1254		552
1254		2670		552
1254		1885		2670
1889		929		717
1890		1889		717
1889		1890		1892
2670		1889		1892
1885		1889		2670
1943		2676		2402
1943		2402		1941
1942		1943		1941
174		1946		1248
1250		1946		1243
1946		174		1243
700		1243		2148
700		1250		1243
1877		349		251
1877		921		1387
921		1877		251
1385		1877		1387
349		1877		1385
251		565		1873
349		565		251
2150		353		1942
2149		2150		1941
2150		1942		1941
2269		2507		2662
2507		2124		2662
204		2102		1160
2627		2102		2476
1160		2102		2627
2102		204		2506
2104		247		846
2104		1153		247
2104		846		503
2104		503		2476
2102		2104		2476
1153		2104		2506
2104		2102		2506
1748		680		1461
680		2454		433
2454		680		1748
1752		2454		1453
2454		1752		433
1752		1454		433
338		2512		1721
2512		394		1721
339		1727		530
394		339		530
315		116		2352
935		1757		1471
1757		1469		1471
2455		817		118
1761		116		315
1759		685		2250
1469		685		1759
685		1758		2250
684		2248		817
684		1463		1755
1463		684		817
395		935		1733
2		395		1733
395		1757		935
1105		471		2354
471		1105		1492
1554		471		615
471		1554		2354
471		1552		615
1552		471		1492
448		1554		615
1555		448		615
958		103		1555
103		448		1555
448		103		472
2533		2157		64
472		2533		64
2533		1568		2157
2169		306		554
306		2525		554
306		1339		2525
2595		1304		1302
1306		2595		1302
2155		927		87
394		1472		1721
2251		1726		1733
1726		2251		1736
2607		1726		1736
59		435		1553
614		1551		1550
1586		1587		2591
1586		2431		1587
2431		1586		1102
1586		2228		1102
2228		1586		2591
2236		2353		815
2353		2236		2635
1551		957		1550
957		1549		1550
957		1552		1492
957		1551		1552
957		1492		1104
1549		957		1104
2226		2520		602
2520		2226		2228
2226		2647		2228
196		2184		983
1465		316		2029
2207		2537		1061
2420		2537		1223
625		2537		2420
2537		1645		1061
2537		625		1645
2126		2430		1184
2430		2126		849
1636		1637		1017
1637		638		1015
1214		1637		1015
1017		1637		1214
487		2196		1626
487		1637		1636
616		1636		1017
616		1017		1638
613		1531		810
1531		613		2214
2214		613		2216
613		1537		2216
1537		613		810
1062		1537		810
1062		593		1537
1536		1062		810
1537		460		2437
593		460		1537
2437		460		1064
460		1462		1064
1538		460		593
1062		1538		593
1538		1060		1063
1462		1538		1063
460		1538		1462
415		1592		1598
2482		1592		415
1592		1020		1598
1592		2482		1020
1025		2485		2483
2485		1025		475
1025		1021		2203
1021		1025		2483
1021		1020		2203
1021		2198		1020
1609		475		1026
1609		1618		475
1609		1617		1618
2688		2200		1619
2200		1609		1619
1609		2200		1617
1599		1571		2198
1599		1021		2483
1021		1599		2198
1617		1616		1618
1571		2199		1604
1022		2688		1643
1640		2532		1042
1640		1042		2393
1635		1640		2393
1640		1635		1029
1632		1640		1029
1640		1632		2532
2531		1085		1099
1570		2531		1099
1033		282		1034
1634		1033		1034
1033		865		282
2205		282		171
1032		2205		171
282		2205		1034
2205		1035		1034
2205		1036		1035
2205		477		1036
2205		1032		477
1417		2295		451
2295		2583		451
2295		1417		1415
2583		2295		2383
2295		1418		2383
1418		2295		1415
2569		1148		880
2599		2569		898
2569		2599		1810
1148		2569		1810
2569		880		926
1899		2569		926
2569		1899		898
880		1814		926
1148		1814		880
5		1418		729
1418		5		2619
5		2288		2619
1146		1133		505
505		1133		1369
1133		705		1369
705		1133		1839
1839		1133		513
1133		1898		513
1133		48		1898
1897		1132		729
1132		1897		2288
1132		5		729
5		1132		2288
2703		837		2549
837		2703		1344
2548		2703		2549
1344		923		1343
923		10		1343
2703		923		1344
923		2703		2548
1221		374		10
1221		2548		374
923		1221		10
1221		923		2548
1067		2220		595
277		1067		595
1067		277		167
2220		1067		47
1521		1067		167
1067		1521		47
389		333		1098
447		389		1098
1087		805		2603
1093		805		2611
2603		805		1093
805		976		2611
976		805		466
805		1088		466
805		1087		1088
2424		468		333
389		2424		333
2424		389		1101
864		940		888
1086		602		465
467		387		1098
448		104		1554
104		448		472
104		472		64
2354		217		2355
1554		217		2354
104		217		1554
382		473		2592
382		326		325
382		2592		326
473		218		2237
220		218		1207
218		220		2237
382		218		473
218		325		1207
218		382		325
285		863		808
1068		863		285
457		863		609
863		457		808
457		2213		808
808		1498		1504
2213		1498		808
1498		2213		456
1498		1081		1504
1081		1498		456
1074		1081		1516
1081		1080		1504
1081		1074		1513
1080		1081		1513
608		98		151
98		458		151
98		608		1559
458		98		1559
611		322		1045
1046		322		611
322		612		1045
2212		58		194
58		2213		194
2213		58		456
813		1511		2403
1511		598		2403
2332		1511		813
885		1030		1049
598		885		1049
885		598		2212
1030		885		194
885		2212		194
1524		462		2224
462		1524		1525
462		596		97
2224		462		97
1658		1522		109
1658		937		1522
937		1658		31
31		1658		481
1658		109		481
1659		1656		2174
1054		1659		2174
1656		1659		2201
1659		2487		2201
1659		2224		97
1659		1054		2224
1659		97		1644
2487		1659		1644
1657		417		628
1047		417		1657
1069		417		1654
417		1069		628
417		1655		1654
417		1047		1655
2539		1047		2618
1047		2539		102
102		2539		55
2539		2201		55
2539		2618		2201
100		2209		627
2209		57		627
57		2209		479
625		1547		627
1547		100		627
1547		625		2420
100		1547		2420
191		954		479
954		57		479
57		954		1051
1645		2208		1061
2208		1545		1061
2359		2208		1645
2208		2359		1546
2554		2127		2136
2127		2554		2281
2554		2137		2281
2136		950		910
1121		950		2136
950		662		910
662		950		2464
2464		950		1720
950		2130		1116
950		2504		1720
950		1116		2504
2135		2127		2133
2135		1121		2127
2132		2133		1120
2121		2132		1120
950		2405		2130
2405		950		1118
1114		2117		291
1114		2420		1223
1114		291		56
2420		1114		56
1699		2496		868
1697		1696		1294
1696		1648		1294
1696		1697		868
2496		1696		868
1648		2601		2321
1696		2601		1648
2601		1696		647
2344		1649		2321
2344		1768		1649
1768		2344		1722
21		1247		1677
2606		21		1677
964		21		2606
1259		1258		964
1258		21		964
1700		1701		1282
1700		1699		868
649		1700		868
1701		1700		649
1692		206		1279
206		1692		1246
206		2622		1279
2622		206		650
206		1703		650
206		208		1703
1699		207		1281
207		2442		1281
1700		207		1699
207		1700		1282
2317		207		1282
2442		207		2317
2316		1706		1704
2316		2442		1706
9		1674		644
1674		9		643
9		20		643
20		9		905
1705		1780		2466
1705		965		1780
2673		1705		2466
2497		1705		2673
1705		2497		652
965		1705		44
761		2429		2069
761		2067		2429
440		761		2069
2067		761		440
2067		146		2429
2066		146		791
2429		146		2066
146		2067		840
146		1185		791
146		1183		1185
295		146		840
1183		146		295
182		1183		849
1183		182		1185
2126		182		849
1185		182		2126
1993		2439		1206
2439		2689		1206
2588		400		270
2588		572		439
2588		439		1204
73		2588		1204
1203		73		1201
399		1203		1201
1203		2588		73
572		1213		40
1213		270		23
1213		2588		270
2588		1213		572
40		1213		24
1213		23		24
401		572		40
1205		401		276
439		401		1205
572		401		439
1255		2468		2056
1255		262		2468
301		2469		758
2469		142		758
2469		1267		764
27		2469		764
142		2469		27
2469		301		2544
2469		2544		2160
2469		2160		2008
1267		2469		2008
2545		142		27
2061		2545		27
142		2545		2056
2161		1255		2056
1255		2161		2064
2545		2161		2056
765		1268		2063
765		2061		1268
2161		765		2064
765		2545		2061
765		2161		2545
2065		765		2063
2064		765		2065
2702		246		945
2001		138		1224
8		2001		1224
2001		8		138
2590		1225		2003
1225		1226		2003
1226		1225		8
8		1225		138
1225		2590		138
756		2002		76
756		2590		2002
922		756		76
756		922		138
2590		756		138
1226		2400		2003
2590		2400		2002
2400		2590		2003
1113		2400		870
2400		1113		2002
870		2400		367
2400		1226		367
1933		1222		1935
724		1933		1330
1933		2376		1330
1933		1331		2376
1331		1933		1935
1924		697		2146
697		1924		1925
1924		1222		1925
2596		1935		1332
2596		1331		1935
1936		2596		1332
1331		2596		1934
1934		2596		2221
2596		1936		2221
1329		1311		1936
1311		557		1936
722		1915		1309
722		930		1915
722		1309		1917
930		722		2535
2172		1311		1329
1920		695		1919
2145		1920		1919
1920		546		695
697		1923		2146
1923		1220		1922
1220		1923		697
1929		380		2535
1929		2145		380
1929		723		2146
1923		1929		2146
1929		1923		2145
547		1928		1926
547		2521		1927
547		1926		2521
547		1927		1874
1928		547		1874
351		1235		1906
1235		1952		1906
1952		1235		548
1243		1939		2148
1252		1952		548
174		875		1243
875		1939		1243
1939		875		1251
187		832		156
876		187		156
832		187		699
187		173		699
173		187		876
2687		746		2514
746		2687		876
173		2687		2631
2687		173		876
133		1262		131
1262		351		131
1235		1262		548
1262		1235		351
132		133		549
173		1940		549
1939		1940		2148
1940		173		2631
1940		132		549
132		1940		1939
273		564		156
564		273		1386
564		746		156
746		1388		2514
564		1388		746
921		2653		1386
1388		2653		2488
2653		921		251
2488		2653		251
2653		564		1386
2653		1388		564
1241		2488		1945
700		1241		1250
1388		1241		2514
1241		1388		2488
1241		2687		2514
721		455		1915
556		721		1915
1912		721		556
1254		2153		1885
2153		1888		2154
2153		1886		1888
929		2153		2154
2153		52		1886
2153		1254		52
1889		2153		929
2153		1889		1885
1943		701		2676
701		1943		1942
1938		700		2148
1940		1938		2148
1938		1940		2631
1938		1241		700
2687		1938		2631
1241		1938		2687
1873		309		2151
565		309		1873
2151		309		1407
884		2507		2269
1752		1751		1454
1751		1752		1453
1751		1453		2245
1756		1751		2245
1751		1756		681
2512		2697		315
2697		1761		315
1754		1463		817
1753		1754		2512
2512		818		394
818		339		394
818		2512		315
818		315		2352
339		818		1727
2		818		2352
818		2		1727
1757		1470		116
1470		2		2352
116		1470		2352
1470		395		2
395		1470		1757
91		2455		119
2697		91		119
91		2697		2512
2455		91		817
1761		1760		116
1757		1760		1469
1760		1757		116
685		1468		1758
1758		1468		118
1468		2455		118
2455		2249		119
1468		2249		2455
2249		1468		685
529		1751		681
1751		529		1454
2248		529		681
1747		2247		2675
1746		1747		386
386		1747		1685
1747		2675		1685
2675		974		338
974		2512		338
974		1753		2512
1463		2639		1755
2639		2247		1755
1754		2639		1463
2639		1754		1753
2247		683		2675
683		974		2675
974		683		1753
2639		683		2247
683		2639		1753
1567		2533		472
103		1567		472
1567		103		958
1107		1567		61
1567		958		61
2595		1910		1304
1910		1913		1304
1913		1910		1307
1910		556		1307
1910		2595		556
919		2595		1306
2595		919		556
557		134		1937
134		437		1937
134		557		1916
2363		134		1916
437		134		2363
1335		437		2363
155		904		2169
1339		904		1831
904		306		2169
306		904		1339
438		1826		738
741		345		304
1834		345		741
829		2656		1949
2656		1947		725
1949		2656		725
1850		1358		1361
2305		741		87
86		2305		87
86		562		830
927		562		87
562		86		87
1734		394		530
1734		1472		394
1472		1734		2456
1734		1727		1733
1727		1734		530
1725		1726		2607
1726		1725		1733
1725		1734		1733
1358		1852		1363
347		927		2155
60		958		1555
60		1555		1556
60		59		61
958		60		61
1106		2635		393
614		1106		393
1106		614		1550
470		614		393
470		393		1553
435		470		1553
1548		1484		2431
2431		1484		1587
1549		1484		1550
1484		1549		1587
392		1548		1103
2353		392		1103
392		2353		2635
392		1484		1548
1484		392		1550
392		1106		1550
1106		392		2635
289		606		1103
1548		289		1103
469		2353		1103
469		940		815
2353		469		815
1641		1043		2206
2356		222		1589
2184		2176		981
196		2176		2184
2593		1570		981
1202		2000		2029
2000		1465		2029
1465		2000		369
570		1465		369
294		2430		849
2430		294		2074
294		295		2070
294		2070		798
2074		294		798
1183		294		849
294		1183		295
1637		891		638
487		891		1637
891		487		1626
891		1625		638
891		1626		1625
1016		616		2196
616		1016		1636
487		1016		2196
1016		487		1636
2196		1044		869
616		1044		2196
1044		616		1638
1044		1638		2197
1605		1044		2197
592		1538		1062
592		1535		1060
1538		592		1060
488		1616		1571
488		1599		2483
1599		488		1571
2485		488		2483
1616		1024		1571
1024		2199		1571
2199		1024		620
1024		1616		1617
2484		1643		869
2484		1022		1643
1605		280		334
618		1605		2197
415		618		2197
618		415		1604
280		618		1604
618		280		1605
1633		1628		1029
1628		1632		1029
2204		621		865
1033		2204		865
694		1148		48
1133		694		48
694		1133		1146
389		1096		1101
168		1096		288
1101		1096		168
1096		447		288
1096		389		447
2236		1596		1101
1596		2424		1101
1596		2236		815
940		1596		815
864		1596		940
2424		1596		468
1596		864		468
108		864		888
864		108		468
1086		2423		602
2423		2226		602
2226		2423		2647
2423		169		2647
1097		814		1098
814		467		1098
814		169		1584
387		814		1584
467		814		387
219		1563		64
1563		104		64
217		1563		219
1563		217		104
105		219		63
105		217		219
105		63		62
105		62		2355
217		105		2355
863		2434		609
2434		608		609
608		2434		286
2434		1068		286
2434		863		1068
886		457		2597
886		2213		457
284		886		2597
2213		886		194
886		1030		194
1030		886		284
283		1081		456
58		283		456
283		1518		1516
1081		283		1516
322		809		612
809		2225		2346
612		809		2346
809		322		1046
2349		2620		1516
1518		2349		1516
1515		812		843
1514		812		1525
1514		1072		2620
1514		1525		1072
812		463		843
843		463		813
463		2332		813
2349		463		2620
463		2349		2332
463		1514		2620
1514		463		812
893		2209		100
191		893		2420
893		100		2420
893		191		479
2209		893		479
43		954		191
43		191		56
1545		478		1050
2208		478		1545
478		2208		1546
1050		478		2487
478		1546		2487
2660		2554		2136
2554		2660		2137
2660		2136		2605
2137		2660		2605
950		499		1118
499		950		1121
2135		499		1121
1119		2135		2133
499		1119		1118
1119		499		2135
2117		2654		423
2115		241		2114
2553		2115		2114
2404		2114		2118
2404		2553		2114
403		2404		2118
2553		2404		2116
1115		403		242
2404		1115		2116
1115		2404		403
1115		1114		2116
1114		1115		2117
2654		1115		242
1115		2654		2117
2405		2636		2130
648		1699		1281
648		2496		1699
1696		443		647
443		1696		2496
2601		535		2321
535		2344		2321
21		906		1247
1258		906		21
1247		906		645
651		2316		1704
208		651		1703
1698		651		208
82		651		1704
1703		651		82
2442		651		1698
2316		651		2442
1691		1245		644
1245		9		644
1245		1691		1690
1271		652		1630
1271		1705		652
1271		1630		1944
44		1271		1944
1705		1271		44
2439		573		2689
270		573		23
400		573		270
23		573		1993
573		2439		1993
276		2541		1994
401		2541		276
2541		401		40
1994		2541		24
2541		40		24
1263		141		254
141		2471		254
262		141		1263
2702		2052		246
2052		2053		1227
2052		1227		1264
246		2052		1264
1226		2049		367
2053		2049		1224
2049		1226		1224
2173		1933		724
1933		2173		1222
2173		724		1925
1222		2173		1925
723		1930		2146
1930		1924		2146
1222		1930		824
1924		1930		1222
1916		1918		1917
1918		722		1917
546		916		696
1920		916		546
916		1920		2145
1310		1929		2535
1929		1310		723
1884		715		552
715		1884		128
715		52		552
715		1274		52
1952		551		128
1252		551		1952
551		715		128
715		551		1252
1950		1252		548
1274		272		821
2652		875		174
2652		174		1248
2652		2150		2149
353		2652		1248
2150		2652		353
2408		1950		548
1950		2408		1251
2408		1939		1251
2408		132		1939
2147		1262		133
132		2147		133
1262		2147		548
2147		2408		548
2408		2147		132
438		1824		154
1824		2370		154
2370		153		1912
153		721		1912
721		153		455
153		2363		455
153		1335		2363
1824		153		2370
2676		977		1945
701		977		2676
977		1946		1250
977		1241		1945
1241		977		1250
309		157		1407
157		309		565
157		1385		1407
157		349		1385
157		565		349
787		160		2122
2123		69		2269
69		884		2269
69		2123		160
787		69		160
69		787		884
2448		1754		817
91		2448		817
1754		2448		2512
2448		91		2512
2249		2511		119
2511		2697		119
1760		2511		1469
2697		2511		1761
2511		1760		1761
2511		685		1469
2511		2249		685
684		1464		2248
1464		529		2248
1464		684		1755
1454		1464		1755
529		1464		1454
680		1455		1461
1455		1746		1461
1455		1747		1746
2628		1567		1107
1567		2628		2533
2533		2628		1568
2628		2686		1568
2686		2628		1107
1911		919		1306
1335		1334		437
1334		1949		1937
437		1334		1937
1338		1306		1831
1833		155		304
345		1833		304
2222		2490		1333
931		1333		829
931		2222		1333
1333		1948		829
1948		2656		829
2490		1948		1333
2656		1948		1947
1947		1948		744
1948		2490		744
1850		125		1358
125		1850		830
562		125		830
1359		1852		1358
1852		1359		127
2378		1725		2607
1211		1472		2456
1360		1211		2456
2240		2378		2607
2240		2607		1363
1852		2240		1363
614		216		1551
1551		216		1556
216		60		1556
940		605		888
607		1548		2431
607		289		1548
289		607		606
607		2431		1102
2532		1631		2206
1631		1641		2206
1641		1631		1027
1631		622		1027
1628		11		1632
11		1628		1633
622		42		1027
2162		42		1575
42		2162		1027
42		622		2531
2176		221		981
221		2593		981
221		2176		196
2020		2000		1202
2020		2074		841
2020		2430		2074
2020		1202		1184
2430		2020		1184
1465		2013		316
570		2013		1465
2013		751		316
2013		1475		751
1475		2013		370
2013		570		370
41		1605		334
41		1615		489
1615		41		334
287		1062		1536
287		592		1062
592		287		1535
1535		287		99
287		2215		99
287		1536		2215
280		1023		334
953		1022		489
1615		953		489
1022		953		2688
953		2200		2688
2200		953		1617
416		488		2485
1618		416		475
416		2485		475
1616		416		1618
488		416		1616
281		1024		1617
953		281		1617
281		953		1615
1024		281		620
281		1023		620
281		1615		334
1023		281		334
1022		619		489
2484		619		1022
621		1613		1026
2204		1613		621
1613		1634		2486
1613		1033		1634
1613		2204		1033
842		1814		1148
694		842		1148
842		694		1146
842		1146		926
1814		842		926
2227		108		888
603		2227		169
603		814		1097
814		603		169
169		1585		1584
2423		1585		169
1585		2423		1086
1584		1585		601
601		1585		465
1585		1086		465
1526		1046		1053
1526		809		1046
1526		1053		949
2225		1526		949
809		1526		2225
464		2349		1518
283		464		1518
464		283		58
431		843		1073
431		1515		843
2401		431		1073
1515		431		2401
1515		1071		812
812		1071		1525
1071		462		1525
1071		1515		2401
1071		2401		596
462		1071		596
43		101		954
1051		101		1652
954		101		1051
1652		101		56
101		43		56
1119		2131		1118
2132		2131		2133
2131		1119		2133
2119		2654		242
2636		2119		242
241		2105		1111
2115		2105		241
1111		2105		1223
2105		2553		2116
2105		2115		2553
2105		1114		1223
1114		2105		2116
403		2337		242
2337		2636		242
2263		2337		2118
2337		403		2118
2337		2263		2130
2636		2337		2130
1698		629		1281
536		1276		1277
2313		1276		536
1276		867		80
867		1276		2313
646		2601		647
534		1259		964
534		2606		1292
534		964		2606
2694		2313		434
2694		867		2313
9		963		905
1245		963		9
905		963		1690
963		1245		1690
573		1212		2689
1212		573		400
2689		1212		399
1212		1203		399
2588		1212		400
1203		1212		2588
2678		1255		2064
2471		2678		2064
141		2678		2471
1255		2678		262
2678		141		262
2543		2049		2053
2052		2543		2053
2543		2052		2702
2050		2702		945
2050		945		2071
2050		2543		2702
2543		2050		2049
367		2050		2071
2049		2050		367
1930		1932		824
1932		1930		723
2172		1932		723
1932		1329		824
1932		2172		1329
2172		2677		1311
2677		1918		1916
557		2677		1916
1311		2677		557
722		419		2535
1918		419		722
419		1310		2535
1310		419		723
1921		1922		696
916		1921		696
1921		1923		1922
1923		1921		2145
1921		916		2145
2652		1856		875
821		1856		2523
272		1856		821
2523		1856		2149
1856		2652		2149
1336		438		738
1336		1824		438
1249		977		701
1946		1249		1248
977		1249		1946
884		378		2507
787		378		884
2124		378		2270
2507		378		2124
378		2122		2270
378		787		2122
682		680		433
682		1455		680
1455		682		1747
1829		1338		154
1829		1911		1306
1338		1829		1306
1829		739		1911
2370		739		154
739		1829		154
1911		720		919
720		1912		556
919		720		556
739		720		1911
720		2370		1912
720		739		2370
1838		308		2377
1847		308		1834
308		1847		2377
1357		2377		1853
1357		1838		2377
1838		1357		1337
1826		1827		1337
1827		740		1337
1827		1826		438
1830		1827		438
2304		1830		438
1830		2304		1338
2304		438		154
1338		2304		154
237		904		155
904		237		1831
237		1338		1831
237		1830		1338
2658		1847		1834
2658		1834		741
2305		2658		741
1849		1850		1361
1869		1849		1361
1853		1849		1869
1832		1838		1337
920		1833		345
920		740		155
1833		920		155
1826		558		738
558		931		738
931		558		2222
742		1359		1358
125		742		1358
347		881		927
1359		881		347
742		881		1359
881		562		927
881		125		562
881		742		125
2378		531		1725
1734		531		2456
1725		531		1734
531		1360		2456
531		2378		1360
1472		1724		1721
1211		1724		1472
1724		1473		1721
2378		743		1360
2240		743		2378
743		1852		127
743		2240		1852
290		470		435
290		435		59
470		290		614
290		216		614
60		290		59
216		290		60
1594		605		1595
605		1594		888
1594		2227		888
169		1594		2647
2227		1594		169
605		1597		1595
1595		1597		606
469		1597		940
1597		605		940
606		1597		1103
1597		469		1103
980		2162		1575
2162		980		2356
1642		2162		2356
1641		1642		1043
1642		1641		1027
2162		1642		1027
1642		2356		1589
1043		1642		2357
1642		1589		2357
2480		1631		2532
1632		2480		2532
11		2480		1632
622		623		2531
2531		623		1085
623		1633		1085
623		11		1633
42		959		1575
959		42		2531
959		2531		1570
296		2020		841
2020		296		2000
883		570		369
1477		2028		2537
750		1477		2027
750		2028		1477
2074		1478		841
1478		2074		1223
2537		1478		1223
371		1475		370
2012		1476		2540
371		1476		1475
751		1476		2012
1475		1476		751
1614		1023		280
2199		1614		1604
1614		280		1604
1614		2199		620
1023		1614		620
1606		41		489
619		1606		489
1606		619		1044
1606		1044		1605
41		1606		1605
2623		2484		869
2623		619		2484
1044		2623		869
619		2623		1044
1613		1627		1026
1627		1613		2486
1627		1609		1026
1627		2486		1619
1609		1627		1619
2227		1100		108
603		1100		2227
108		1100		468
1100		603		1097
468		1100		333
1100		1097		333
2349		1512		2332
464		1512		2349
1512		1511		2332
1512		58		2212
1512		464		58
598		1512		2212
1511		1512		598
264		2131		2132
243		264		2121
264		2132		2121
264		243		423
2654		264		423
2119		2120		2654
2120		264		2654
2120		2405		1118
2120		2119		2405
2131		2120		1118
264		2120		2131
1117		2636		2405
2119		1117		2405
1117		2119		2636
1280		648		1281
629		1280		1281
648		1280		2496
2315		629		1698
2315		1698		208
206		2315		208
2315		1246		1277
2315		206		1246
535		1298		2344
2344		1298		1722
1722		1298		1292
1298		534		1292
1257		2694		434
2694		2312		867
2312		906		1258
2312		1257		906
1257		2312		2694
1931		2172		723
419		1931		723
1931		2677		2172
2677		1931		1918
1931		419		1918
1950		702		1252
702		550		1252
702		1950		1251
875		702		1251
550		702		875
1660		715		1252
550		1660		1252
715		1660		1274
1660		272		1274
1660		1856		272
1660		550		875
1856		1660		875
1336		123		1824
153		123		1335
123		153		1824
931		123		738
123		1336		738
1249		2522		1248
2522		1249		701
2522		353		1248
353		2522		1942
2522		701		1942
682		2613		1747
2613		1454		1755
1454		2613		433
2613		682		433
2222		2223		2490
2223		1357		1853
2223		1853		744
2490		2223		744
1357		37		1337
37		2223		2222
2223		37		1357
1827		559		740
559		1827		1830
740		559		155
559		237		155
237		559		1830
346		2658		2305
346		86		830
86		346		2305
2658		346		1847
1847		1848		2377
2377		1848		1853
1848		1849		1853
561		345		1834
561		920		345
920		561		1832
308		561		1834
561		308		1838
1832		561		1838
920		560		740
560		920		1832
740		560		1337
560		1832		1337
1724		232		1473
232		2155		1473
232		347		2155
232		1851		347
1359		1851		127
1851		1359		347
2229		1724		1211
2229		1211		1360
743		2229		1360
2229		743		127
1851		2229		127
1594		604		2647
604		1594		1595
2647		604		1102
604		1595		606
604		607		1102
607		604		606
2409		196		983
892		2480		11
892		623		622
623		892		11
1631		892		622
2480		892		1631
762		296		841
1478		762		841
762		1478		2387
2028		877		2537
877		1478		2537
1478		877		2387
877		750		2387
750		877		2028
2000		1996		369
1996		883		369
750		398		2387
398		762		2387
762		398		296
1996		398		750
296		398		2000
398		1996		2000
253		372		2027
372		750		2027
372		1996		750
883		372		253
1996		372		883
39		253		2027
1477		2024		2027
2024		2537		2207
2024		1477		2537
371		397		749
397		571		749
1476		2022		2540
2022		1038		2540
2022		371		749
2022		1476		371
2022		2207		1038
646		1682		113
443		1682		647
1682		646		647
907		445		80
445		907		113
445		1276		80
2495		646		113
907		2495		113
2495		907		535
2495		535		2601
646		2495		2601
907		1261		535
1261		1298		535
1298		1261		534
534		1261		1259
1260		907		80
867		1260		80
1261		1260		1259
1260		1261		907
2312		1260		867
1260		1258		1259
1260		2312		1258
906		165		645
1257		165		906
165		452		645
452		165		641
165		79		641
79		165		434
165		1257		434
123		152		1335
152		1334		1335
152		931		829
152		123		931
152		829		1949
1334		152		1949
1747		2246		2247
2613		2246		1747
2247		2246		1755
2246		2613		1755
37		1825		1337
1825		1826		1337
1825		558		1826
558		1825		2222
1825		37		2222
2536		346		830
346		2536		1847
1850		2536		830
1849		2536		1850
2536		1848		1847
1848		2536		1849
2229		2513		1724
2513		2229		1851
2513		232		1724
2513		1851		232
980		1574		2356
2409		1574		980
1574		2409		983
222		1574		983
2356		1574		222
328		2409		980
328		980		1575
221		328		2593
959		328		1575
328		221		196
2409		328		196
2593		328		1570
328		959		1570
39		421		571
421		39		2027
2024		421		2027
275		39		571
397		275		571
275		883		253
39		275		253
570		275		370
883		275		570
275		371		370
275		397		371
1278		1280		629
2314		1278		629
1278		1682		443
1682		1278		113
1278		2314		113
1278		443		2496
1280		1278		2496
2441		2314		629
2441		2315		1277
2315		2441		629
421		2023		571
571		2023		749
2023		2024		2207
2023		421		2024
2022		2023		2207
2023		2022		749
2441		537		2314
2314		537		113
1276		537		1277
537		2441		1277
537		445		113
445		537		1276
