1938		-121.8217		37.29051
1952		-121.8531		37.34496
1747		-122.2939		37.57257
629		-122.4247		37.76821
1872		-121.8844		37.24418
1919		-121.9312		37.32198
1871		-121.8912		37.22829
1929		-121.9457		37.30247
81		-122.4401		37.74062
2319		-122.4324		37.72329
1873		-121.768		37.25525
1909		-121.8659		37.45862
232		-122.1284		37.46376
809		-122.2489		37.81737
1891		-121.8923		37.37634
1729		-122.3713		37.59201
2423		-122.0831		37.68443
62		-121.9769		37.54504
650		-122.4025		37.76145
1829		-122.0026		37.3613
680		-122.3199		37.56538
1529		-122.2171		37.82762
542		-122.4517		37.63957
2251		-122.2035		37.43137
604		-122.0796		37.65784
1631		-121.9282		37.76575
660		-122.4837		37.76013
1329		-121.9799		37.27066
1917		-121.9862		37.31389
2421		-122.2279		37.82242
82		-122.4065		37.75195
1736		-122.205		37.4236
739		-121.9996		37.35486
2021		-122.351		38.37809
1192		-122.4236		38.55331
550		-121.8313		37.33997
2171		-121.9244		37.36558
1721		-122.1658		37.4877
1308		-121.9415		37.33325
1700		-122.4294		37.74939
1518		-122.2816		37.85023
176		-121.8977		37.3161
2145		-121.9357		37.30597
889		-121.9618		37.51707
536		-122.4226		37.7831
2311		-122.4229		37.80527
74		-121.8815		37.316
2466		-122.3905		37.74449
288		-122.1579		37.69737
326		-121.9727		37.53134
169		-122.0947		37.6807
2215		-122.2306		37.79807
99		-122.2337		37.7942
2216		-122.2009		37.8029
1755		-122.2841		37.54572
549		-121.8498		37.2997
646		-122.4476		37.77046
1211		-122.1606		37.46182
2315		-122.4204		37.76963
528		-122.3433		37.585
2322		-122.458		37.72848
458		-122.2709		37.80009
2307		-122.0044		37.50797
608		-122.2801		37.80425
1390		-121.3427		38.66878
111		-121.2678		38.73578
641		-122.42		37.79475
1261		-122.4507		37.78439
1946		-121.8047		37.30691
2357		-121.8401		37.72598
108		-122.1101		37.66779
1454		-122.2996		37.54616
64		-122.0087		37.5373
2355		-121.9749		37.56372
128		-121.8472		37.35521
722		-121.9721		37.31279
1207		-121.9528		37.51898
612		-122.2532		37.82297
98		-122.276		37.8017
2226		-122.0664		37.68111
1074		-122.2935		37.86454
464		-122.2753		37.85004
1058		-122.201		37.83454
624		-122.1035		37.88947
614		-122.0669		37.59372
1531		-122.2206		37.80546
151		-122.2725		37.80891
2395		-121.9927		37.52927
2341		-121.8608		37.02656
268		-122.0298		36.97594
1056		-122.2585		37.80489
644		-122.4128		37.78414
1745		-122.3877		37.57946
649		-122.4399		37.74841
1438		-122.4789		37.6925
744		-122.1133		37.30393
1473		-122.1295		37.47685
394		-122.1899		37.48186
1469		-122.2531		37.47173
434		-122.4233		37.78745
234		-122.3848		37.6208
866		-122.4148		37.79628
1098		-122.1248		37.69882
224		-121.7901		37.66398
2236		-122.1125		37.61121
1457		-122.4157		37.61282
554		-122.0044		37.40196
289		-122.0736		37.63826
222		-121.86		37.70591
986		-121.8003		37.66636
1059		-122.2434		37.79908
1565		-121.9049		37.52724
1448		-122.4185		37.65662
610		-122.2666		37.80696
1571		-122.0606		37.95257
1097		-122.1132		37.68778
1458		-122.4066		37.59399
544		-121.9148		37.33233
886		-122.2639		37.83068
1484		-122.0616		37.62664
284		-122.259		37.82921
1551		-122.0482		37.59178
315		-122.2306		37.4894
1966		-121.5713		37.01559
1727		-122.2105		37.47226
829		-122.0383		37.31143
251		-121.7895		37.25095
696		-121.9095		37.30016
388		-122.1909		37.71353
1236		-121.8869		37.32366
2396		-121.9245		37.49004
2656		-122.0372		37.30318
1748		-122.3264		37.56243
2231		-122.3939		37.60722
1025		-122.0874		37.91242
954		-122.3382		37.9567
1856		-121.815		37.34347
1386		-121.8169		37.24853
1726		-122.1942		37.43507
2686		-122.0583		37.53621
1296		-122.4808		37.76248
2247		-122.2761		37.55867
1749		-122.3388		37.52846
2456		-122.1802		37.45699
338		-122.2404		37.55422
1066		-122.2072		37.73012
2496		-122.4369		37.75976
613		-122.2127		37.80562
1541		-122.1887		37.76918
175		-121.8932		37.3473
2155		-122.0914		37.43732
535		-122.4565		37.77849
2321		-122.4598		37.76383
1451		-122.4844		37.6357
2622		-122.4039		37.77372
2700		-122.4378		37.64514
647		-122.446		37.76521
687		-121.9219		37.34076
65		-121.9759		37.51988
1779		-122.4918		37.72505
387		-122.1082		37.70569
1246		-122.4181		37.77965
859		-122.4805		37.74689
1279		-122.4085		37.77695
1739		-122.4657		37.6877
2682		-122.5869		38.13072
1808		-121.8762		36.98003
1992		-121.8992		37.08446
818		-122.2137		37.48387
1689		-122.4049		37.79032
1838		-122.0721		37.36962
1692		-122.4109		37.7797
2582		-122.3991		37.5892
738		-122.0368		37.34383
2489		-121.9124		37.43726
695		-121.9221		37.31924
2513		-122.1427		37.458
685		-122.2768		37.4887
2613		-122.2934		37.5619
682		-122.3034		37.56585
2643		-122.3896		37.72139
817		-122.2731		37.52643
1699		-122.4304		37.75426
627		-122.3095		37.97534
339		-122.2085		37.47988
605		-122.0951		37.65397
684		-122.2829		37.53171
153		-122.0041		37.33004
2375		-121.9436		37.34306
609		-122.2765		37.81069
264		-122.5224		37.96035
645		-122.4277		37.80218
272		-121.8185		37.3478
1065		-122.1843		37.80428
1455		-122.3031		37.57022
1287		-121.9071		37.45844
397		-122.2233		38.09484
1146		-121.4906		38.57628
1409		-121.621		37.15503
876		-121.8359		37.27214
1437		-122.4624		37.70482
1467		-122.3032		37.50377
1257		-122.4271		37.79254
1471		-122.2546		37.45945
131		-121.8705		37.32287
2595		-121.9727		37.36127
2210		-122.3573		37.9291
347		-122.1231		37.43767
1646		-122.4202		37.73419
1759		-122.2691		37.46325
1271		-122.4053		37.72842
2147		-121.8515		37.32729
822		-121.8811		37.43209
1359		-122.1303		37.42631
2187		-122.3166		37.80392
422		-122.2589		37.77058
152		-122.0222		37.31491
916		-121.9219		37.30324
2113		-121.8		36.7112
2239		-121.5901		36.98129
396		-121.8806		37.35467
380		-121.9462		37.31707
460		-122.2112		37.78073
2146		-121.9395		37.28042
832		-121.8524		37.26174
370		-122.2098		38.10461
470		-122.076		37.58784
742		-122.1277		37.41677
2132		-122.5221		37.95088
2049		-122.7032		38.31488
277		-122.1781		37.7284
2346		-122.2517		37.82637
1258		-122.4385		37.79385
1696		-122.4441		37.75899
369		-122.2153		38.12836
1297		-122.4784		37.71668
52		-121.8353		37.36807
1916		-121.9919		37.30176
2110		-121.9188		36.55128
2269		-121.8492		36.61424
1269		-121.8988		37.42116
1586		-122.0463		37.65476
2157		-122.0181		37.52886
1504		-122.2947		37.83878
385		-122.1796		37.90401
1456		-122.4868		37.58269
1277		-122.4237		37.77748
1526		-122.2418		37.81478
165		-122.4245		37.79415
2111		-121.9138		36.61922
2259		-121.8867		36.59124
123		-122.0226		37.33304
1905		-121.8786		37.34763
2514		-121.8169		37.27305
1825		-122.0583		37.34307
1259		-122.4416		37.78975
1686		-122.3993		37.79969
446		-122.2288		37.80844
1524		-122.282		37.89014
445		-122.4387		37.77832
1534		-122.2506		37.78787
1514		-122.2782		37.87449
285		-122.3043		37.81783
1170		-121.9227		36.55924
69		-121.8446		36.60125
478		-122.264		38.00011
1204		-122.0257		38.30029
2401		-122.2562		37.88464
1032		-122.138		37.87769
431		-122.2561		37.87306
1674		-122.4158		37.78314
1462		-122.2067		37.77163
602		-122.0678		37.68683
2197		-122.0277		38.03452
322		-122.2537		37.81363
286		-122.285		37.80561
1045		-122.2577		37.81533
1559		-122.2776		37.79582
885		-122.2578		37.84752
1588		-121.8377		37.66113
595		-122.1842		37.73398
1578		-121.8028		37.57446
452		-122.4207		37.79836
1464		-122.2896		37.53619
2460		-122.408		37.80229
225		-122.3533		37.94165
1655		-122.3351		37.9309
965		-122.3961		37.73247
676		-122.4667		37.69826
1298		-122.4617		37.78558
155		-122.0428		37.39077
1515		-122.2604		37.87774
1120		-122.5016		37.93036
1533		-122.246		37.79352
447		-122.142		37.69735
1542		-122.1885		37.75406
194		-122.2652		37.84163
679		-122.3646		37.58139
665		-122.4208		37.7105
1528		-122.2166		37.84712
334		-122.0228		37.96986
1180		-122.3693		38.39372
209		-122.4034		37.71648
2209		-122.331		37.97185
1090		-122.1742		37.72378
1691		-122.4119		37.78573
678		-122.4339		37.61774
675		-122.4153		37.70443
1538		-122.2191		37.77855
448		-122.0183		37.5703
597		-122.2968		37.87419
1540		-122.1757		37.77481
42		-121.9392		37.73222
950		-122.5924		37.9236
2406		-122.4311		37.86227
2530		-122.1571		37.76137
100		-122.3304		37.98226
221		-121.8992		37.66929
1695		-122.331		37.78442
417		-122.3229		37.91678
1814		-121.4766		38.56223
1100		-122.1127		37.67616
1064		-122.2038		37.77695
60		-122.0537		37.57194
235		-121.8803		37.33302
1555		-122.0401		37.57495
1910		-121.9646		37.35955
702		-121.8339		37.33609
820		-121.8899		37.28432
1284		-121.8779		37.3838
1912		-121.986		37.34222
1051		-122.3391		37.9486
617		-122.0719		37.98104
80		-122.4382		37.78143
1925		-121.9232		37.25619
1332		-121.9828		37.25518
2601		-122.4508		37.76547
2202		-122.0223		37.8091
1907		-121.8758		37.33011
919		-121.9823		37.36063
2377		-122.0862		37.369
2620		-122.2785		37.86666
1030		-122.2556		37.84098
827		-121.7103		37.90782
469		-122.0938		37.63585
488		-122.0561		37.93862
25		-121.9796		38.34321
1071		-122.2706		37.88217
2370		-122.0062		37.3464
888		-122.1023		37.66326
2603		-122.1319		37.74078
1933		-121.9546		37.24193
659		-122.4451		37.72968
2316		-122.414		37.75128
2313		-122.4296		37.78345
345		-122.0751		37.40105
957		-122.0418		37.60178
594		-122.1929		37.77752
1906		-121.8662		37.34567
929		-121.8553		37.40278
1050		-122.2526		37.98369
58		-122.2734		37.84326
1852		-122.1581		37.42252
1850		-122.1215		37.39266
1936		-122.0056		37.25951
2515		-121.8442		37.24012
38		-121.4812		37.20584
907		-122.4475		37.77854
2245		-122.3232		37.52323
927		-122.1092		37.42621
2275		-121.8475		38.00231
1870		-121.855		37.22119
1648		-122.4559		37.75853
91		-122.2554		37.51077
1510		-122.2847		37.77764
1649		-122.4679		37.76305
1361		-122.1262		37.37626
1511		-122.2594		37.85866
1932		-121.9632		37.2761
1921		-121.9207		37.29857
2521		-121.9027		37.24938
1911		-121.9913		37.36098
1981		-122.0872		37.07863
1431		-122.0598		37.02809
1928		-121.8845		37.26819
1331		-121.9774		37.23789
1951		-122.4124		37.71314
1731		-122.4562		37.69753
1014		-121.8362		37.99
1934		-121.9885		37.21886
1054		-122.2849		37.90716
1923		-121.927		37.28696
1381		-121.8698		37.19885
2607		-122.176		37.42969
1273		-122.4543		37.7116
9		-122.4165		37.7857
1597		-122.088		37.64277
1785		-121.2901		37.94398
11		-121.9749		37.76419
465		-122.0634		37.6996
104		-122.0094		37.55459
892		-121.9508		37.75506
1869		-122.1296		37.35356
935		-122.2341		37.45643
119		-122.2579		37.4984
2488		-121.8049		37.2629
47		-122.1665		37.74645
1893		-121.8827		37.39937
125		-122.1158		37.40654
1875		-121.8589		37.25295
875		-121.8236		37.33198
828		-121.7681		37.98749
1624		-121.7968		37.99054
1244		-122.4095		37.79466
1604		-122.0568		37.97945
1734		-122.1866		37.46675
136		-121.9435		38.33207
572		-122.015		38.27725
184		-121.8971		37.32792
78		-122.3872		37.72774
1114		-122.494		38.04868
1877		-121.7943		37.23312
1044		-121.9754		37.99567
1547		-122.317		37.99438
541		-122.4788		37.68216
2464		-122.5066		37.75624
79		-122.4194		37.79089
1737		-122.2162		37.37693
154		-122.0103		37.35863
392		-122.0758		37.62498
1724		-122.146		37.46703
2480		-121.9493		37.77314
1026		-122.0448		37.89409
2606		-122.4448		37.80364
382		-121.9613		37.5357
945		-122.7073		38.34191
537		-122.4297		37.77602
2504		-122.5032		37.59003
468		-122.1263		37.67106
651		-122.4123		37.75583
96		-122.2869		37.86604
1537		-122.2083		37.79307
2169		-122.0219		37.40154
1063		-122.2121		37.7623
1283		-121.785		37.37394
815		-122.1021		37.62954
1310		-121.9579		37.2981
1930		-121.9494		37.27533
1220		-121.916		37.27395
805		-122.1428		37.72734
2218		-122.1865		37.78168
1300		-122.473		37.7698
2403		-122.249		37.86205
473		-121.9509		37.54579
555		-121.9484		37.3846
652		-122.4125		37.73227
86		-122.1015		37.41009
2534		-121.7068		37.95735
1735		-122.3449		37.56768
2535		-121.9577		37.30841
697		-121.9262		37.2734
1940		-121.8373		37.30208
487		-121.9001		38.01325
415		-122.0827		38.001
698		-121.8867		37.27748
1519		-122.1523		37.74711
1781		-122.3988		37.75389
623		-121.9772		37.74515
1644		-122.2128		37.95149
1449		-122.407		37.6505
1725		-122.1861		37.4437
699		-121.8544		37.27784
1920		-121.9251		37.31295
2025		-122.4727		38.47551
2160		-122.6642		38.47814
2133		-122.5242		37.92511
1080		-122.3003		37.83915
2052		-122.6849		38.3385
764		-122.7481		38.47985
2448		-122.2562		37.52805
2588		-122.0371		38.27813
92		-121.5243		38.57169
2495		-122.4483		37.77437
457		-122.2735		37.82065
615		-122.0179		37.58085
1439		-121.991		37.02837
2135		-122.5412		37.91287
1060		-122.2294		37.77501
977		-121.7886		37.30235
1452		-122.4822		37.61812
2454		-122.3178		37.55257
858		-122.4428		37.71949
2332		-122.2681		37.85956
906		-122.4318		37.79735
867		-122.4351		37.78509
304		-122.0547		37.41728
87		-122.0967		37.4176
964		-122.4419		37.79771
1272		-122.429		37.71991
534		-122.4518		37.7887
893		-122.3467		37.97505
467		-122.1141		37.69887
814		-122.1115		37.69289
563		-121.8772		37.23022
2244		-122.3469		37.54571
2115		-122.5607		38.08992
1260		-122.4398		37.78679
908		-122.3956		37.76271
1832		-122.0612		37.37945
963		-122.4128		37.78869
1282		-122.4266		37.74552
1446		-122.4197		37.66914
505		-121.5022		38.58248
2152		-121.8678		37.35859
532		-122.4111		37.80653
2554		-122.5076		37.89364
1595		-122.0854		37.65127
302		-122.3839		37.73398
207		-122.4231		37.75153
311		-122.4859		37.70354
117		-122.445		37.7053
663		-122.4814		37.78286
904		-122.0222		37.39115
1338		-122.0081		37.36931
1232		-121.9025		37.34768
1333		-122.0551		37.32124
1387		-121.811		37.23099
309		-121.7627		37.23474
1335		-122.0108		37.31568
1321		-121.307		37.92081
969		-121.2602		37.9524
1339		-122.0046		37.39069
1222		-121.9418		37.25793
2529		-121.923		36.97775
1978		-121.7696		36.93111
1307		-121.9613		37.34642
1634		-122.0341		37.83451
1475		-122.2004		38.0897
1465		-122.1874		38.12949
2597		-122.2684		37.81775
1336		-122.026		37.34402
1252		-121.8391		37.34584
1577		-122.3012		37.78542
1262		-121.8595		37.32591
296		-122.2394		38.16017
1477		-122.2626		38.11061
2479		-121.897		36.60073
2478		-121.9227		36.54742
2687		-121.8293		37.28058
1447		-122.407		37.66195
1587		-122.0354		37.63695
389		-122.1403		37.6856
1255		-122.7264		38.42703
2062		-122.8035		38.47462
2378		-122.1745		37.43856
193		-121.8612		37.28907
1305		-121.9347		37.3471
1562		-121.965		37.55363
863		-122.2815		37.81649
1557		-122.0086		37.48945
283		-122.2838		37.84683
837		-121.0037		37.62157
583		-120.8694		37.53321
2497		-122.413		37.7368
2374		-121.8823		37.44014
299		-122.416		37.8021
2212		-122.2659		37.84844
648		-122.4313		37.75965
1915		-121.972		37.33103
1773		-122.4534		37.71922
1775		-122.4567		37.71513
1081		-122.2897		37.84364
1073		-122.25		37.86812
217		-121.9905		37.55906
472		-122.0232		37.55782
1776		-122.4822		37.7527
239		-122.0313		37.02066
172		-121.8764		36.96297
218		-121.9437		37.53183
1206		-122.0653		38.23091
1369		-121.5076		38.61825
103		-122.03		37.56279
1209		-122.2566		37.44516
1688		-122.4134		37.79318
2625		-122.4063		37.71141
642		-122.4062		37.7935
1706		-122.4145		37.74389
1357		-122.0766		37.35925
938		-122.0747		37.16114
1687		-122.4102		37.79914
2635		-122.0829		37.61958
607		-122.07		37.64401
2596		-121.9838		37.24355
1895		-121.8704		37.42563
1886		-121.8284		37.37411
1945		-121.7722		37.28214
1896		-121.6292		37.03027
1396		-121.6305		37.11151
548		-121.8495		37.33348
2677		-121.9817		37.29199
1698		-122.4192		37.7595
2525		-121.992		37.40081
1082		-122.2485		37.77576
1302		-121.9652		37.40068
1658		-122.2981		37.90164
241		-122.572		38.11058
1516		-122.2838		37.85777
1608		-122.0841		37.88465
1728		-122.4099		37.6236
2136		-122.5303		37.87097
20		-122.4189		37.78791
1311		-121.987		37.27986
2347		-122.2555		37.79845
1740		-122.4786		37.66903
860		-122.484		37.77466
557		-122		37.28219
2304		-122.0203		37.36205
1761		-122.2422		37.48452
2308		-122.3937		37.78729
1024		-122.0438		37.94844
2206		-121.908		37.78883
1651		-122.3303		37.94068
1450		-122.4838		37.65869
90		-122.477		37.65097
920		-122.06		37.39095
168		-122.1699		37.68597
61		-122.0509		37.5617
843		-122.2605		37.86668
939		-122.2334		37.75927
1536		-122.222		37.79512
1602		-122.1605		38.01956
1021		-122.0899		37.93431
1574		-121.8875		37.70599
1028		-121.9723		37.86234
2490		-122.0753		37.31441
2452		-122.4608		37.65567
984		-121.7892		37.64975
1086		-122.0782		37.69326
1743		-122.4064		37.62803
830		-122.1064		37.402
1453		-122.3241		37.54026
1525		-122.278		37.88111
967		-122.4917		37.76044
968		-122.4842		37.77863
1512		-122.2682		37.85104
864		-122.1105		37.66148
1705		-122.4021		37.73426
1087		-122.1468		37.73686
1733		-122.2156		37.4451
930		-121.9642		37.31974
1570		-121.9369		37.65226
1068		-122.2897		37.80938
2356		-121.8904		37.71966
1461		-122.322		37.57283
2526		-121.9452		37.40617
308		-122.0835		37.37868
2543		-122.6956		38.32308
138		-122.6189		38.25354
826		-121.7293		37.99843
2666		-121.7081		37.93123
2673		-122.408		37.74417
2409		-121.8945		37.69279
2523		-121.8028		37.34928
1031		-122.1325		37.90535
438		-122.023		37.35562
1276		-122.4291		37.77978
1639		-122.4396		37.71386
1947		-122.0582		37.27208
1029		-121.9865		37.82161
2500		-121.278		37.88975
2324		-121.3259		37.98319
2314		-122.4293		37.77181
1629		-122.4276		37.72639
2465		-122.3937		37.71333
743		-122.1558		37.44333
2443		-122.3879		37.76055
433		-122.3093		37.55824
443		-122.4406		37.76478
2441		-122.4253		37.77349
983		-121.8651		37.69754
2312		-122.4333		37.79101
2225		-122.2419		37.82422
2519		-122.1948		37.79921
1950		-121.8401		37.33302
1106		-122.074		37.60585
1752		-122.3137		37.54419
1780		-122.3909		37.73692
677		-122.4853		37.67508
1783		-122.4185		37.71731
1904		-121.8838		37.33503
37		-122.0705		37.34551
1750		-122.3453		37.523
2628		-122.0348		37.53725
1903		-121.9067		37.34045
2148		-121.8311		37.30561
167		-122.1662		37.73217
2505		-122.4253		37.63381
2415		-122.2719		38.39045
1274		-121.8271		37.35932
1154		-121.7447		36.74498
2455		-122.2672		37.50717
1762		-122.278		37.40873
1937		-122.0174		37.28862
1304		-121.959		37.36533
1594		-122.0923		37.66701
1935		-121.9674		37.24833
881		-122.1188		37.42017
2418		-122.3616		37.93961
1690		-122.4099		37.79109
1830		-122.0308		37.3729
1944		-122.4022		37.7215
1234		-121.8705		37.35131
1564		-121.9277		37.5084
2170		-121.9234		37.39091
2074		-122.2804		38.20343
2107		-121.7686		36.87521
1922		-121.9158		37.28988
566		-121.8548		37.2431
346		-122.0975		37.39744
556		-121.9742		37.3464
436		-121.915		37.24327
1942		-121.7743		37.33204
1254		-121.8446		37.37775
2281		-122.4924		37.90657
1605		-122.0241		37.99025
716		-121.8878		37.37834
2340		-122.411		37.78307
1627		-122.0322		37.88743
1079		-122.2455		37.8554
746		-121.8252		37.26404
1703		-122.4062		37.75922
1202		-122.1828		38.24502
1948		-122.0639		37.29799
306		-122.0049		37.39613
905		-122.4142		37.79057
1309		-121.984		37.32084
1270		-121.9155		37.44993
1334		-122.0191		37.30369
915		-122.4349		37.66638
1924		-121.9386		37.2712
546		-121.9099		37.30902
2485		-122.0675		37.92458
1470		-122.2258		37.47137
725		-122.0222		37.27464
1771		-122.4669		37.74833
1660		-121.8276		37.34367
2131		-122.5307		37.9455
2120		-122.5372		37.96995
1710		-122.487		37.73214
471		-122.0129		37.58972
1656		-122.2956		37.92383
2221		-122.0308		37.23685
2121		-122.5014		37.96007
2222		-122.0556		37.33464
724		-121.9347		37.24019
1730		-122.4164		37.68749
2223		-122.0805		37.33938
1251		-121.8382		37.32924
1704		-122.4107		37.75143
718		-121.8807		37.40978
1590		-121.668		37.59433
2161		-122.7343		38.43486
1303		-121.9452		37.41439
2520		-122.0531		37.68783
2593		-121.9112		37.66627
2233		-121.8667		37.24568
1237		-121.909		37.3178
1182		-121.6372		36.6542
2229		-122.1496		37.45219
2670		-121.856		37.36921
975		-121.8736		37.28585
1732		-122.4911		37.67703
2634		-122.3099		37.88639
1046		-122.2519		37.80964
275		-122.2237		38.1043
616		-121.9466		38.02396
611		-122.2591		37.81139
1589		-121.8487		37.71945
1707		-122.4216		37.73759
1723		-122.4219		37.62242
2318		-122.4362		37.72828
2499		-122.4571		37.72209
1047		-122.3165		37.92312
2349		-122.2767		37.85933
2348		-122.1663		37.77124
2199		-122.0483		37.95816
740		-122.0509		37.37871
1530		-122.1894		37.82091
661		-122.4809		37.72743
688		-121.8742		37.33871
561		-122.0743		37.38614
2533		-122.0281		37.53418
1596		-122.1129		37.64211
721		-121.9844		37.33406
2438		-122.1595		37.78765
1299		-122.3939		37.77266
1914		-121.9563		37.33032
1233		-121.9277		37.32824
107		-122.2589		37.76226
2646		-122.179		37.76057
1235		-121.859		37.34226
2407		-121.894		37.3046
762		-122.2626		38.16027
2207		-122.2566		38.04327
1554		-122.0044		37.57138
1337		-122.0571		37.36265
1774		-122.4685		37.71921
2117		-122.4964		38.00364
1756		-122.3113		37.51692
1210		-122.3601		37.44625
1281		-122.4238		37.75937
1245		-122.4122		37.78704
1849		-122.1159		37.37529
917		-121.8784		37.29862
1625		-121.8675		38.01411
2016		-122.1668		38.06251
1722		-122.4692		37.78457
681		-122.3056		37.52795
1036		-122.1804		37.85683
1702		-122.4299		37.73736
1248		-121.8014		37.31814
1831		-122.0064		37.38054
1048		-122.2304		37.86398
741		-122.0834		37.40553
1399		-121.5713		36.98653
1626		-121.882		38.0048
1851		-122.1335		37.44664
2662		-121.7959		36.67744
1173		-121.9046		36.61097
1241		-121.8145		37.28098
1397		-121.6549		37.1163
1887		-121.8149		37.36471
174		-121.8147		37.31851
2694		-122.431		37.78798
242		-122.548		37.99871
303		-121.9816		37.44152
701		-121.7817		37.31232
351		-121.866		37.33686
1741		-122.4707		37.65755
1757		-122.2345		37.46769
2431		-122.0612		37.64368
1042		-121.9049		37.80531
723		-121.9558		37.28444
1583		-122.1064		37.72208
2624		-122.4742		37.76309
1720		-122.5048		37.74205
1584		-122.0974		37.70404
290		-122.0684		37.58532
1103		-122.0809		37.63596
1499		-122.2664		37.78042
2436		-122.2351		37.78811
210		-122.4675		37.71344
2605		-122.4875		37.85082
206		-122.413		37.76879
2614		-122.4665		37.73917
1052		-122.3596		37.93344
1556		-122.0395		37.58218
1941		-121.7697		37.35315
1121		-122.5483		37.89476
2675		-122.2582		37.56489
1043		-121.8837		37.77035
216		-122.0571		37.58414
1770		-122.4913		37.75321
2678		-122.7214		38.42072
2653		-121.8114		37.25487
2708		-122.4411		37.66269
1225		-122.6475		38.25008
390		-121.8959		37.23565
391		-121.8677		37.26954
1760		-122.2486		37.48023
1751		-122.3121		37.53281
2220		-122.1793		37.74542
1694		-122.4018		37.78212
2468		-122.7126		38.44163
349		-121.7838		37.22962
2512		-122.2414		37.53985
1746		-122.3318		37.58138
1247		-122.4314		37.80048
720		-121.9873		37.34824
2451		-122.4796		37.7002
600		-122.2512		37.76059
1016		-121.927		38.01116
1744		-122.4187		37.60124
1498		-122.2812		37.83279
1550		-122.0605		37.61759
1018		-122.1275		38.01702
530		-122.1952		37.47481
181		-122.2594		37.81699
43		-122.3526		37.96146
2		-122.2194		37.46959
1833		-122.0569		37.39898
113		-122.438		37.77486
2539		-122.3139		37.93417
2463		-122.468		37.72722
811		-122.1964		37.75825
601		-122.0844		37.70622
551		-121.845		37.34997
187		-121.846		37.26998
300		-121.8742		37.30522
2483		-122.072		37.93336
2650		-122.3986		37.59935
1293		-122.4696		37.75609
463		-122.2689		37.86808
2611		-122.1339		37.71443
2453		-122.3727		37.56676
408		-122.4499		37.67627
455		-121.9862		37.32716
562		-122.1111		37.41488
466		-122.1552		37.72341
1027		-121.9272		37.74027
808		-122.2803		37.82362
571		-122.2369		38.09627
2442		-122.4188		37.75227
1753		-122.2595		37.55183
1265		-122.4235		37.72887
598		-122.2577		37.85412
599		-122.2312		37.7636
638		-121.8952		38.027
44		-122.3983		37.72475
1243		-121.8208		37.31274
1653		-122.3882		37.94021
212		-122.4051		37.79568
1062		-122.2168		37.78791
1181		-121.951		37.39727
1119		-122.5358		37.93647
2305		-122.0924		37.40618
931		-122.0446		37.32975
127		-122.1449		37.43548
1637		-121.9164		38.03213
1609		-122.0381		37.90351
1824		-122.0174		37.3444
1084		-122.273		37.76699
628		-122.31		37.90718
1294		-122.4524		37.75142
558		-122.0452		37.34387
1654		-122.3423		37.91218
2354		-121.988		37.57799
2367		-122.2221		37.88659
1617		-122.0317		37.93063
2339		-122.4156		37.53593
2362		-121.9		37.40796
195		-121.9196		37.48304
220		-121.9314		37.52255
1069		-122.3094		37.89306
1809		-121.8108		36.90304
56		-122.3736		37.96161
1292		-122.4645		37.79535
1677		-122.4317		37.80683
1939		-121.8336		37.31146
1291		-122.4761		37.77735
1275		-122.4858		37.78672
2329		-121.4757		37.78485
1806		-121.9187		37.0263
2012		-122.1777		38.05899
21		-122.4398		37.80246
1085		-122.0283		37.72123
41		-122.0141		37.97744
1908		-121.8472		37.43093
454		-121.9051		37.43877
1965		-121.5163		37.00969
173		-121.8387		37.28884
1278		-122.4314		37.76789
643		-122.4199		37.78547
1099		-121.9752		37.64456
1768		-122.4685		37.77738
1037		-121.9304		37.95168
1015		-121.871		38.03853
2116		-122.5189		38.05529
768		-122.8088		38.54557
157		-121.7647		37.22306
142		-122.7236		38.46005
1288		-122.8409		38.41189
653		-122.436		37.71814
976		-122.1463		37.71549
46		-122.2972		37.80742
1549		-122.039		37.61913
618		-122.0344		37.99299
812		-122.2695		37.87533
1628		-121.9773		37.79509
280		-122.0369		37.97465
1521		-122.1628		37.74105
2353		-122.0895		37.62789
102		-122.3216		37.93877
2591		-122.0439		37.66724
603		-122.107		37.68244
1363		-122.1642		37.40818
132		-121.8439		37.32011
1388		-121.8143		37.26706
27		-122.7375		38.46704
1520		-122.156		37.7453
2553		-122.561		38.07785
2263		-122.6022		38.00639
791		-122.2919		38.31702
840		-122.3132		38.30549
1481		-122.1208		38.1025
2695		-122.4906		37.74647
437		-122.01		37.30183
171		-122.1053		37.869
2000		-122.2277		38.14842
57		-122.3217		37.95848
553		-121.8596		37.40937
1539		-122.1852		37.78914
475		-122.0635		37.90564
1107		-122.0451		37.5431
435		-122.0752		37.57827
323		-122.2953		37.79755
146		-122.3011		38.31118
2127		-122.5225		37.90156
1546		-122.2858		37.98099
2069		-122.3315		38.33252
2126		-122.2747		38.28823
2153		-121.8357		37.38282
1286		-121.8761		37.42242
1623		-121.8316		37.99473
2540		-122.1984		38.03728
1104		-122.0295		37.62105
2394		-121.9538		37.58387
1754		-122.2629		37.54147
2104		-121.6558		36.67539
1567		-122.0358		37.54974
238		-122.0347		36.95901
420		-122.0426		36.98787
2363		-122.0018		37.3163
314		-122.447		37.65569
1647		-122.4446		37.70968
253		-122.236		38.11662
270		-122.03		38.26483
321		-122.2652		37.79548
662		-122.5066		37.76167
63		-121.9856		37.53915
2616		-122.1386		37.76235
1633		-121.9918		37.78162
1407		-121.7334		37.17671
621		-122.0581		37.89059
622		-121.9497		37.74674
1876		-121.8245		37.23031
170		-121.8341		37.20508
918		-121.8635		37.41729
2022		-122.2175		38.07237
749		-122.2243		38.08273
1049		-122.2505		37.84753
1927		-121.8856		37.25122
1599		-122.0716		37.95162
456		-122.2804		37.83906
1545		-122.2549		38.00762
416		-122.0542		37.92632
751		-122.1811		38.07991
1505		-121.7285		37.684
816		-121.8547		37.68467
798		-122.375		38.29196
329		-121.7478		37.70961
2317		-122.4207		37.74363
2272		-122.272		38.31209
980		-121.9188		37.71154
2697		-122.2409		37.49396
75		-122.4641		38.28086
2050		-122.7071		38.32113
2498		-122.4321		37.71133
1630		-122.4105		37.7227
750		-122.2585		38.12772
1650		-122.4702		37.75212
940		-122.1024		37.64745
1095		-122.1383		37.70851
1088		-122.1569		37.73293
596		-122.2589		37.8914
823		-121.9618		37.33805
423		-122.5076		37.98192
1067		-122.1722		37.73772
2633		-122.1721		37.76431
2028		-122.2678		38.11735
757		-122.6913		38.44372
2002		-122.6305		38.20246
1152		-121.6779		36.66991
377		-121.6297		36.66964
116		-122.2327		37.47633
516		-121.2977		38.71052
1982		-122.0012		38.35244
13		-121.2416		38.75507
2134		-122.4637		37.87455
2205		-122.1402		37.85536
2471		-122.7249		38.39141
2250		-122.2815		37.48374
2248		-122.2876		37.52046
2118		-122.5898		38.03537
2219		-122.183		37.766
2612		-122.295		37.96829
2408		-121.8416		37.32425
2203		-122.1207		37.93015
1606		-121.9999		37.98134
891		-121.8952		38.02143
2001		-122.6412		38.26588
756		-122.6149		38.23852
246		-122.6943		38.34798
1330		-121.936		37.22726
1113		-122.6449		38.11629
1053		-122.2435		37.80466
2029		-122.1411		38.15697
352		-121.9099		37.26032
2502		-122.4344		37.70292
1019		-122.1042		38.02189
30		-122.2463		37.76635
2056		-122.7318		38.43917
2420		-122.3438		37.99115
1620		-121.6041		37.84738
1834		-122.0798		37.38987
1185		-122.2859		38.30357
752		-121.924		38.3455
94		-121.7642		38.55311
1263		-122.686		38.4065
1070		-122.2953		37.88736
1513		-122.302		37.86425
1443		-122.4698		37.66954
1603		-122.1219		38.00609
1874		-121.8688		37.26052
719		-121.9026		37.4514
1153		-121.6569		36.68781
948		-121.7629		36.65938
2125		-121.7496		36.83709
1426		-121.7699		36.92217
495		-122.4285		37.61964
2345		-122.3497		37.57666
868		-122.4383		37.75334
2330		-122.453		37.70504
1618		-122.048		37.92001
324		-121.9336		37.56155
1764		-122.4888		37.78256
897		-121.8773		36.58257
191		-122.351		37.96948
2343		-122.3761		37.73505
7		-121.9961		38.32585
985		-121.8145		37.68936
1738		-122.4882		37.69092
2482		-122.1095		37.99882
1472		-122.1701		37.47364
196		-121.8902		37.68074
959		-121.9441		37.70865
1250		-121.8099		37.30134
2238		-121.6059		37.06385
2323		-122.4975		37.74246
565		-121.7718		37.22992
1784		-121.2989		37.95246
1322		-121.2355		37.96441
1697		-122.4452		37.75231
2252		-121.9673		38.35314
1892		-121.8685		37.37269
2524		-121.8207		37.36892
1385		-121.8081		37.19734
1011		-121.6707		37.9941
1868		-121.8921		37.35919
1970		-122.027		36.96685
958		-122.0471		37.56521
834		-122.5453		38.21878
1280		-122.43		37.76516
1772		-122.4568		37.74349
1038		-122.2297		38.02102
2660		-122.5129		37.87015
2647		-122.0835		37.67448
2487		-122.2682		37.96844
1847		-122.0945		37.38397
1826		-122.0416		37.35554
1718		-122.4798		37.71931
1057		-122.2387		37.8451
2368		-121.8264		37.84351
2320		-122.4164		37.70943
2665		-121.9786		37.5406
2388		-122.1667		38.07577
2594		-121.8931		37.3943
1358		-122.1322		37.40928
1885		-121.8498		37.38372
1285		-121.871		37.40363
552		-121.8414		37.36533
2434		-122.2822		37.81193
593		-122.2153		37.78295
393		-122.0828		37.59621
1682		-122.439		37.76956
946		-122.6695		38.43518
1894		-121.8982		37.44113
559		-122.0408		37.37571
295		-122.3073		38.29433
481		-122.3024		37.90973
533		-122.4071		37.79962
936		-121.9063		37.27782
813		-122.2601		37.86365
937		-122.2974		37.89443
1582		-122.094		37.75978
2402		-121.7455		37.31122
279		-121.7315		37.98365
2669		-121.7762		37.9796
1714		-121.3657		37.78542
2198		-122.0775		37.96052
1517		-122.2698		37.77145
1183		-122.2984		38.29352
2078		-122.4788		38.50787
186		-122.4853		37.73789
480		-122.3416		37.93933
31		-122.306		37.90118
1089		-122.1683		37.71862
567		-121.6437		37.1348
1543		-122.173		37.75307
2484		-121.9802		37.95526
219		-121.9977		37.54491
1306		-121.9881		37.36832
1949		-122.0294		37.30276
2173		-121.9377		37.24695
2172		-121.9711		37.2819
1563		-122.0053		37.54835
2503		-122.4606		37.64655
2541		-122.0026		38.25982
2065		-122.7753		38.39058
2470		-122.7604		38.47038
1266		-122.6656		38.45087
1614		-122.0411		37.96658
1701		-122.4385		37.74533
2240		-122.1649		37.42808
1083		-122.2393		37.75483
2217		-122.1972		37.76962
2254		-121.7234		38.54071
1575		-121.9316		37.7108
910		-122.5072		37.77704
105		-121.9857		37.55096
2486		-122.0117		37.87776
2387		-122.2678		38.13681
2565		-122.2302		38.32659
2437		-122.2029		37.78802
367		-122.735		38.26313
143		-122.7067		38.44842
1522		-122.2913		37.8953
1652		-122.3553		37.94857
1635		-121.966		37.84525
1638		-121.9684		38.04245
620		-122.0445		37.95611
2227		-122.1014		37.67479
2654		-122.5323		37.98242
1249		-121.7872		37.30654
564		-121.8236		37.25514
477		-122.1675		37.87981
1118		-122.55		37.94787
717		-121.8662		37.39348
2501		-121.202		37.80044
2328		-121.1066		37.77135
2159		-122.5563		38.46731
2059		-122.656		38.46363
2469		-122.7011		38.47963
2249		-122.2638		37.49581
331		-121.7324		37.69628
332		-122.1407		38.02278
419		-121.967		37.29743
909		-122.4995		37.75707
1889		-121.8548		37.38899
1998		-122.5278		38.30818
1848		-122.101		37.37168
479		-122.334		37.96656
529		-122.2991		37.53293
233		-122.4596		37.62756
1527		-122.2496		37.82979
1023		-122.0343		37.96748
1777		-122.4966		37.77703
418		-121.8712		37.43372
294		-122.3027		38.26033
1072		-122.2874		37.87294
1117		-122.5654		37.97472
1778		-122.5047		37.77955
2538		-122.1043		38.21333
592		-122.2266		37.7823
715		-121.8342		37.35512
1888		-121.8195		37.38269
2376		-121.9555		37.2119
870		-122.7433		38.14274
66		-121.8968		37.48634
208		-122.4138		37.76112
883		-122.222		38.11824
2149		-121.7975		37.34176
328		-121.91		37.68919
921		-121.813		37.24033
156		-121.8374		37.2577
1566		-121.9132		37.47293
2389		-121.9501		38.35751
1096		-122.1557		37.68428
1295		-122.4502		37.7381
2265		-121.6741		36.58552
2164		-122.7806		38.53348
2230		-121.7655		37.72446
333		-122.1314		37.68159
1804		-121.9786		36.99728
1827		-122.0413		37.36494
403		-122.564		38.01779
1039		-121.843		37.93753
1532		-122.2498		37.79685
2186		-121.7844		37.69113
211		-122.4758		37.78368
2590		-122.6296		38.23136
1115		-122.5209		38.02772
2435		-122.235		37.83563
1685		-122.2379		37.73884
849		-122.2896		38.28683
2119		-122.5503		37.98419
2631		-121.83		37.28612
2701		-121.7128		37.0551
2404		-122.5664		38.0628
386		-122.2473		37.74127
2688		-121.9981		37.92099
1459		-122.3793		37.5816
953		-122.005		37.94311
2527		-121.5686		37.10343
2636		-122.5757		37.97839
877		-122.2701		38.12199
2359		-122.2925		38.00449
1157		-121.6546		36.72598
545		-121.8894		37.34177
1253		-121.862		37.36461
2067		-122.3191		38.3151
705		-121.4927		38.63183
24		-122.0125		38.24969
2398		-121.8087		38.46453
1839		-121.4737		38.62973
531		-122.1822		37.44816
2051		-122.6992		38.35748
366		-121.9383		38.39493
48		-121.4694		38.58038
1890		-121.872		37.38652
237		-122.0254		37.38559
824		-121.9702		37.26403
1853		-122.0985		37.35386
2709		-121.5634		38.56779
1865		-121.3266		38.68174
395		-122.2253		37.45399
2352		-122.2242		37.4793
365		-121.963		37.04087
1913		-121.9465		37.35102
2658		-122.0905		37.39406
2060		-122.7755		38.49816
1548		-122.0709		37.63564
748		-122.0409		36.96995
2342		-122.1899		37.79403
1742		-122.4556		37.66267
1552		-122.0292		37.59005
1592		-122.1013		37.98834
2618		-122.3094		37.92764
1657		-122.3068		37.91712
2024		-122.2582		38.1018
2063		-122.7992		38.43058
262		-122.709		38.43524
291		-122.4802		37.98443
2237		-121.9293		37.53106
810		-122.2156		37.79601
1468		-122.2786		37.50176
1360		-122.1633		37.44907
1613		-122.052		37.86908
2537		-122.2867		38.10842
729		-121.3704		38.55783
1417		-121.3176		38.57217
606		-122.0793		37.64371
784		-121.616		36.67508
1172		-121.9126		36.62244
884		-121.8408		36.61122
547		-121.8866		37.25666
2246		-122.2886		37.5626
2150		-121.7925		37.33403
2213		-122.2736		37.83122
2023		-122.2437		38.08883
2400		-122.6661		38.20938
949		-122.2327		37.8121
459		-122.241		37.79131
2200		-122.0188		37.91934
2214		-122.2086		37.81189
59		-122.0739		37.5701
758		-122.7125		38.45817
777		-122.9733		38.61405
2151		-121.7436		37.28401
134		-122.0024		37.2994
2208		-122.2786		38.01034
2262		-122.5909		38.11588
1101		-122.1474		37.67212
1636		-121.9269		38.0168
683		-122.2618		37.56155
982		-121.8663		37.6598
2228		-122.0653		37.67162
1223		-122.4537		38.1184
887		-122.2897		37.88129
2020		-122.2211		38.2346
1918		-121.9748		37.3036
517		-121.3159		38.69524
2510		-122.3302		37.5532
2064		-122.7343		38.41866
301		-122.6975		38.46041
2273		-122.4569		38.50326
2224		-122.2761		37.89804
1999		-121.6044		38.69492
252		-121.9896		36.98289
1094		-122.1331		37.70356
2196		-121.9253		37.99363
591		-122.2379		37.80058
2544		-122.6748		38.46927
432		-121.2778		37.78431
2162		-121.9139		37.72353
2003		-122.6546		38.24331
499		-122.5598		37.90951
1111		-122.5422		38.13595
1267		-122.7476		38.53124
2027		-122.2502		38.11216
821		-121.811		37.35492
2271		-121.774		36.70357
1482		-121.7586		38.57116
636		-121.7516		37.97344
325		-121.9623		37.52875
1219		-121.972		38.37506
1406		-121.8363		37.23759
2235		-121.8237		38.45075
2536		-122.1061		37.39219
560		-122.057		37.37905
2532		-121.9441		37.79395
1640		-121.9537		37.8213
274		-121.9771		36.97716
1171		-121.945		36.58839
73		-122.0522		38.29283
188		-121.506		38.5759
1460		-122.3354		37.57221
1326		-121.3594		37.98122
1708		-121.2885		37.81845
1102		-122.0683		37.65951
543		-122.4497		37.63378
8		-122.645		38.26188
3		-121.6602		37.15048
761		-122.3206		38.32285
398		-122.2426		38.14909
1967		-121.9966		36.99809
1969		-122.0161		36.97418
2393		-121.9298		37.89128
1488		-121.7557		38.67874
1585		-122.082		37.69859
17		-121.9095		36.58817
1093		-122.1239		37.72118
745		-121.8564		37.21337
2123		-121.8557		36.59466
1642		-121.8938		37.7472
1568		-122.055		37.51141
118		-122.2797		37.51373
1659		-122.2763		37.90972
141		-122.7076		38.40386
297		-121.8333		38.45844
1632		-121.9641		37.7976
2516		-121.6027		37.13492
703		-121.854		37.35836
1645		-122.2855		38.01407
2592		-121.9681		37.54211
2124		-121.7982		36.65303
372		-122.2373		38.12484
1034		-122.1062		37.82399
2195		-121.8645		38.00404
1035		-122.1574		37.82829
276		-121.9812		38.25793
1201		-122.0921		38.29298
1040		-121.8021		37.94518
1990		-121.8479		38.44269
2522		-121.7892		37.32064
83		-122.8652		38.61094
26		-122.4873		38.30574
1523		-122.2874		37.88702
2648		-121.829		38.00394
841		-122.2622		38.17291
1996		-122.2334		38.13633
39		-122.2385		38.10528
2568		-121.5058		38.56933
1213		-122.0209		38.266
2137		-122.5001		37.86683
400		-122.0411		38.26674
753		-121.9661		38.34201
399		-122.066		38.26702
77		-121.8928		37.29442
410		-122.4672		37.59244
1105		-121.9869		37.62091
2344		-122.4615		37.77779
409		-122.4887		37.65298
590		-122.2518		37.80169
1492		-122.023		37.6005
2424		-122.1378		37.66963
2629		-122.3753		37.72497
2350		-122.2845		37.77149
2564		-121.7074		36.80941
133		-121.8562		37.31277
1931		-121.9707		37.28954
1226		-122.6721		38.25175
93		-121.7056		38.54005
2632		-122.2992		37.80878
2026		-122.5449		38.60687
485		-121.7114		37.94047
1619		-122.0188		37.90769
664		-122.4928		37.77648
2156		-122.4913		38.32164
2414		-121.7809		37.68645
2422		-122.0615		37.72264
1955		-122.4943		37.54179
981		-121.8826		37.65706
1203		-122.0593		38.27458
625		-122.3092		38.00272
586		-121.7454		38.54955
1544		-122.1668		37.75616
312		-121.9666		36.97482
109		-122.2916		37.90511
1610		-121.6739		37.93518
1022		-121.9869		37.95238
282		-122.099		37.84587
2105		-122.5403		38.10485
700		-121.8164		37.29342
2563		-121.8264		36.53283
1155		-121.7561		36.76601
1641		-121.9167		37.76562
2672		-121.9578		38.34358
1479		-121.7774		38.53756
2546		-122.8547		38.52325
2004		-122.9057		38.47811
414		-121.5917		37.93368
1224		-122.6473		38.2742
755		-122.4528		38.28689
384		-121.7373		38.54748
1160		-121.6219		36.69385
2102		-121.633		36.6823
330		-121.765		37.69622
569		-121.578		37.0055
568		-121.5839		37.02568
570		-122.2085		38.11404
1926		-121.8985		37.26375
786		-121.908		36.60472
2562		-121.6225		36.79605
869		-121.9579		37.96072
28		-122.802		38.55274
254		-122.701		38.3681
1553		-122.086		37.58
1432		-122.0122		37.07827
2458		-122.4649		37.52341
223		-121.7417		37.67534
2192		-121.7402		37.89476
2416		-121.8733		37.98081
1643		-121.9669		37.93839
2174		-122.2938		37.91396
2184		-121.8697		37.67156
2623		-121.969		37.9653
486		-121.7337		37.95274
2531		-121.9572		37.70827
89		-122.0079		36.98417
2506		-121.6515		36.69349
788		-121.6035		36.66223
2288		-121.3986		38.54376
1758		-122.2832		37.49746
101		-122.3532		37.9546
1415		-121.3263		38.5654
1615		-122.0173		37.95845
97		-122.2672		37.90049
1884		-121.8467		37.36192
2430		-122.2725		38.27053
198		-121.7528		37.68525
2176		-121.883		37.67183
1845		-121.5718		38.66044
287		-122.2252		37.78947
2013		-122.1945		38.10531
2405		-122.565		37.9639
1995		-122.0359		38.42625
23		-122.0319		38.2529
1622		-121.8277		38.01403
421		-122.2489		38.10072
489		-122.0019		37.96341
666		-122.5029		37.7832
462		-122.2718		37.8884
1214		-121.9509		38.14553
1968		-122.0646		36.97417
1979		-121.7924		36.9381
273		-121.8234		37.24134
2204		-122.0648		37.86457
1476		-122.2036		38.07447
2122		-121.8188		36.57649
401		-122.0085		38.26987
2476		-121.6314		36.67686
199		-121.725		37.68944
1558		-121.7641		37.67322
6		-121.9484		38.36665
842		-121.476		38.56825
2053		-122.6817		38.32729
831		-121.869		37.21184
1174		-121.7851		36.67078
2011		-122.8268		38.61615
215		-121.7548		36.92733
2511		-122.253		37.48978
2702		-122.7016		38.33398
1943		-121.764		37.32643
1429		-121.7821		36.93177
2270		-121.7546		36.61704
159		-121.6903		36.71747
2201		-122.2912		37.9434
1227		-122.6301		38.34434
2545		-122.7383		38.45202
637		-121.7751		38.01119
1041		-121.7947		37.9769
2154		-121.8276		37.4128
767		-122.8116		38.55487
1132		-121.3905		38.55054
747		-121.5913		37.0252
974		-122.2519		37.55816
2583		-121.2844		38.58579
344		-121.4911		36.83294
439		-122.0142		38.28461
573		-122.0423		38.25404
1535		-122.2313		37.78548
1786		-121.3191		37.9398
1442		-121.3993		38.3149
1807		-121.9306		36.98658
461		-122.1835		37.75106
1020		-122.1124		37.97129
765		-122.7581		38.44078
862		-121.4321		37.73345
2691		-122.4106		37.60695
1264		-122.6593		38.39422
2068		-122.8018		38.38382
316		-122.1719		38.09397
1221		-121.038		37.67616
2703		-121.0085		37.63747
2070		-122.3261		38.29514
2010		-122.7416		38.57966
2676		-121.7578		37.29527
371		-122.2153		38.09315
2380		-122.9118		38.51309
776		-121.9282		36.60392
804		-121.5329		38.57637
55		-122.3155		37.94561
1212		-122.0495		38.2649
503		-121.6506		36.66507
1343		-121.0326		37.62963
1231		-120.9424		37.48889
1463		-122.2696		37.5424
2573		-121.7416		38.58862
2446		-121.1209		37.73398
1813		-121.8059		37.01087
1033		-122.0688		37.85642
10		-121.06		37.69418
2689		-122.0594		38.25283
1161		-121.6335		36.55022
2106		-121.6693		36.68896
2548		-121.024		37.66453
2652		-121.8074		37.33112
2429		-122.3128		38.33268
1148		-121.464		38.55372
1216		-121.944		38.34027
2061		-122.7492		38.45717
160		-121.8398		36.59185
787		-121.8315		36.60462
2100		-121.6229		36.72986
1144		-121.6108		36.68469
2108		-121.6935		36.84443
1810		-121.4429		38.55223
1412		-121.277		38.60776
2076		-121.0585		37.73744
353		-121.7896		37.32784
800		-122.225		38.43726
1616		-122.0464		37.94169
922		-122.6088		38.24451
5		-121.3617		38.55443
1713		-121.4954		37.71776
2358		-121.7766		37.67208
690		-121.4356		38.57919
440		-122.3284		38.31157
2241		-122.0618		36.95625
335		-121.8167		38.00059
1612		-121.7186		38.01632
229		-121.2832		37.83329
2337		-122.5855		38.00522
2671		-121.7704		37.96912
1158		-121.6011		36.68967
2109		-121.6752		36.8166
182		-122.2883		38.29594
150		-121.5823		38.43072
281		-122.0286		37.9544
2194		-121.8155		37.98666
1017		-121.9472		38.03639
2528		-122.0964		37.09735
2621		-121.7063		37.98939
2492		-121.2848		37.91713
1177		-121.2193		38.77868
783		-121.6604		36.70365
247		-121.6696		36.67821
204		-121.6439		36.70377
1425		-122.004		36.97173
2114		-122.5845		38.09719
1061		-122.2737		38.0245
1787		-121.3275		37.9782
2336		-121.9833		38.32433
1418		-121.3415		38.55597
2058		-122.5988		38.4218
1989		-122.0368		37.09806
1444		-121.3398		36.88836
179		-121.359		38.64736
1598		-122.0947		37.97599
1408		-121.6734		37.11864
1194		-121.2392		38.76456
178		-121.7887		37.67251
2571		-121.4678		38.41057
362		-121.4699		38.46236
1156		-121.6516		36.72871
1133		-121.4775		38.58946
846		-121.6643		36.67051
865		-122.0794		37.87324
269		-122.157		38.07067
88		-121.5655		37.00267
1717		-121.2853		37.71918
1898		-121.4275		38.60364
2507		-121.8316		36.61853
374		-121.0237		37.69702
2232		-121.9307		37.16733
1993		-122.031		38.24729
2234		-121.6373		37.09898
2439		-122.0454		38.24564
2163		-122.8288		38.38435
2158		-122.4676		38.34284
2306		-121.363		38.00931
158		-121.6364		36.7102
2640		-121.6491		36.71318
137		-121.9863		38.37858
941		-122.8567		38.62039
1800		-121.467		37.9116
1268		-122.7588		38.46156
2193		-121.7875		38.00912
1401		-121.3032		37.82308
2130		-122.5933		37.9725
793		-121.265		37.46032
1344		-121.0176		37.63036
2608		-121.7625		37.9473
1398		-121.6645		37.12484
1186		-122.3448		38.31
2627		-121.6189		36.67961
1159		-121.6153		36.69263
2639		-122.2668		37.54902
1320		-121.2891		37.92886
577		-122.8099		38.70789
1218		-121.9408		38.32153
1215		-121.9455		38.27302
911		-121.2851		37.95348
177		-121.6163		38.03131
1371		-121.5741		38.69769
2383		-121.2142		38.57267
2066		-122.3044		38.33567
305		-121.2744		37.94854
2659		-121.9953		36.97363
16		-121.9211		36.61764
880		-121.4713		38.54888
2112		-121.93		36.62544
1897		-121.4293		38.58725
1997		-122.4397		38.32069
1954		-121.1562		37.72704
513		-121.4574		38.63373
619		-121.9868		37.96949
451		-121.2999		38.58758
1116		-122.6722		38.01553
1289		-122.8817		38.41789
2364		-121.4251		36.85983
126		-121.5177		38.60867
2258		-121.9261		36.61222
2467		-121.3504		37.9669
2325		-121.3821		38.02743
1012		-121.5839		37.9082
694		-121.4726		38.57429
2399		-122.5379		38.38603
1805		-121.9703		36.96438
1205		-121.9784		38.29627
1715		-121.4438		37.75061
1424		-122.058		36.98944
926		-121.4927		38.56514
855		-121.3476		38.65762
898		-121.4707		38.51968
496		-122.2811		38.31704
2444		-121.2948		37.9058
924		-120.981		37.62057
2335		-121.9456		36.98023
122		-121.6909		38.09911
2257		-121.6059		36.6971
2295		-121.3048		38.57431
1301		-121.3277		37.96737
1821		-121.4198		38.64271
1318		-121.2568		37.9682
1789		-121.2569		37.97584
1013		-121.8003		38.00648
707		-121.5331		38.60851
76		-122.5906		38.23947
1410		-121.2398		38.62681
2086		-121.7407		38.67119
1712		-121.2247		37.78283
1972		-121.7704		36.9062
2351		-122.085		37.72248
1217		-121.9653		38.32442
240		-121.7843		36.95745
669		-121.2451		37.95427
973		-121.4448		37.74407
540		-121.4404		37.75773
2243		-121.8784		36.95699
1404		-121.4218		37.75245
1664		-121.2951		38.72857
2599		-121.4607		38.51903
1719		-121.4738		37.60236
243		-122.5069		37.96673
2072		-122.8812		38.34349
923		-121.0333		37.65677
1478		-122.278		38.14961
2008		-122.6428		38.51845
40		-122.0145		38.26397
1373		-121.3951		38.64074
1208		-121.3592		38.00068
342		-121.3891		38.04867
2082		-121.7664		38.65953
850		-121.2745		38.7233
754		-121.9751		38.39538
378		-121.8297		36.61255
1495		-121.9897		36.96555
2619		-121.465		38.44374
1184		-122.2595		38.28869
2014		-122.9877		38.37733
896		-121.576		36.67852
2071		-122.7947		38.34004
2103		-121.6095		36.68741
2390		-121.7545		36.91143
1230		-120.94		37.56437
1440		-121.7512		36.94958
526		-121.341		37.9956
2477		-121.673		36.66039
1763		-122.2949		37.32695
115		-121.4444		37.71451
2101		-121.6208		36.71442
14		-121.6133		36.70546
2073		-123.0168		38.80944
406		-121.3804		36.84397
2586		-121.4117		36.83305
854		-121.4407		38.64293
1994		-121.9998		38.24852
1621		-121.6082		37.90589
1842		-121.4926		38.64412
2655		-121.7912		36.68107
12		-122.5788		38.58128
2309		-121.3303		37.95813
847		-121.6569		36.39831
1356		-121.4764		38.15992
1405		-121.4444		37.73387
951		-121.7514		38.6694
2015		-121.8797		36.49552
1350		-121.0039		37.61047
1290		-123.0037		38.53112
2542		-121.9972		38.36174
313		-121.4036		36.84822
1980		-122.1605		37.08745
2425		-120.9471		37.5874
2033		-120.966		37.60448
2057		-122.6247		38.41441
2574		-121.756		38.55277
1971		-121.7421		36.92176
2569		-121.4695		38.53447
230		-121.4233		37.71068
2009		-123.0125		38.47805
2005		-122.0466		38.57664
1403		-121.4355		37.71861
2706		-121.4669		38.39466
2282		-121.4751		38.42289
1128		-121.4923		38.4758
1899		-121.5125		38.50105
2253		-121.7839		38.1861
2589		-122.0088		38.36965
2327		-121.22		37.98936
1441		-121.6849		36.93675
1238		-121.1572		37.67583
2242		-122.1381		37.13339
852		-121.4634		38.50379
1988		-121.3754		36.83193
2645		-121.3069		37.96112
2017		-121.384		36.57368
1313		-123.0982		38.76924
2493		-121.3406		38.00606
1162		-121.5071		36.49196
1445		-121.3899		36.8545
36		-121.1895		37.7991
587		-121.7651		38.68398
2549		-120.9914		37.63771
2557		-121.6866		36.892
231		-121.4306		37.7465
135		-121.9456		38.27872
1991		-121.9397		38.26011
806		-122.1798		38.76088
